0.926448285579681  0.277916371822357  -0.0206890292465687  -0.00588331697508693  -0.252969235181808
0.927132785320282  0.286899328231812  -0.0130579033866525  -0.00980795361101627  -0.240513578057289
0.929155886173248  0.270405769348145  -0.00861304439604282  -0.011913706548512  -0.251662403345108
0.928928554058075  0.268257170915604  -0.0168186780065298  -0.0076911523938179  -0.254534214735031
0.930706143379211  0.270739614963531  -0.0144972009584308  -0.00566258421167731  -0.245446547865868
0.928663313388824  0.264473855495453  -0.0194636173546314  -0.0053846943192184  -0.259288012981415
0.929011940956116  0.26536899805069  -0.0177697241306305  -0.00381598551757634  -0.257265985012054
0.928735077381134  0.274176925420761  -0.0156747959554195  -0.00557062961161137  -0.249000772833824
0.929056644439697  0.257499575614929  -0.0222547613084316  0.00521775288507342  -0.264622867107391
0.923544943332672  0.27994704246521  -0.0179599691182375  0.00332468282431364  -0.261458665132523
0.930137991905212  0.27228370308876  -0.0138488197699189  -0.00885620713233948  -0.245834574103355
0.926396131515503  0.269430994987488  -0.0198165886104107  0.000635507982224226  -0.262305349111557
0.930410742759705  0.25892561674118  -0.0184414461255074  -0.00837909895926714  -0.258617699146271
0.923002660274506  0.289065778255463  -0.015359397046268  -0.00776859046891332  -0.253398418426514
0.926728248596191  0.270594090223312  -0.0165133569389582  -0.00573765253648162  -0.260092079639435
0.925756275653839  0.285199016332626  -0.0186447743326426  -0.00507189612835646  -0.247514724731445
0.92728316783905  0.277911573648453  -0.0151324588805437  -0.00697624078020453  -0.25026661157608
0.926848113536835  0.278875321149826  -0.0178718864917755  -0.00511166825890541  -0.25067013502121
0.928797960281372  0.276176273822784  -0.0132068302482367  -0.00702495826408267  -0.24665193259716
0.929477870464325  0.266115814447403  -0.0176836475729942  -0.00197638850659132  -0.254826635122299
0.921962797641754  0.294911950826645  -0.0226569063961506  0.00193412590306252  -0.249988734722137
0.926843404769897  0.27264940738678  -0.0179980974644423  -0.00131998665165156  -0.257484078407288
0.929678201675415  0.276388883590698  -0.0211669970303774  0.00197569257579744  -0.242601782083511
0.9326251745224  0.268840432167053  -0.0146176647394896  -0.00906887650489807  -0.240081489086151
0.9237100481987  0.28802302479744  -0.0163517855107784  -0.00202630157582462  -0.252053618431091
0.928548991680145  0.273369252681732  -0.0144037958234549  -0.00443329475820065  -0.250676780939102
0.925535559654236  0.275536715984344  -0.0173219572752714  -0.00480634346604347  -0.259114444255829
0.928623259067535  0.272632092237473  -0.018087912350893  -0.00132458936423063  -0.251001060009003
0.931552529335022  0.264268964529037  -0.0217762552201748  0.000643418228719383  -0.248791366815567
0.925443470478058  0.278159588575363  -0.0219756457954645  0.00332533777691424  -0.256295949220657
0.930777072906494  0.278807997703552  -0.0181095525622368  -0.00347627722658217  -0.235754325985909
0.932173728942871  0.270505368709564  -0.0146105885505676  -0.00906448718160391  -0.23996527493
0.926414489746094  0.275228142738342  -0.0153041901066899  -0.00324473064392805  -0.256439030170441
0.921002328395844  0.276148945093155  -0.0230101272463799  0.00875471066683531  -0.273660778999329
0.92684417963028  0.266088306903839  -0.0197821073234081  0.000151363710756414  -0.264131546020508
0.932415962219238  0.264509528875351  -0.01756258495152  -0.00988963060081005  -0.245415866374969
0.922108232975006  0.28477144241333  -0.0162418335676193  -0.00223618117161095  -0.261443734169006
0.926996350288391  0.263745099306107  -0.0185976829379797  -0.00143796810880303  -0.266023069620132
0.930817782878876  0.27080363035202  -0.0116387894377112  -0.012875528074801  -0.244831144809723
0.929753363132477  0.267955541610718  -0.0168553460389376  -0.0059932773001492  -0.251870185136795
0.928238272666931  0.277122169733047  -0.0137449083849788  -0.0073442505672574  -0.247657462954521
0.933535218238831  0.259001493453979  -0.0165891963988543  -0.00619682669639587  -0.247217610478401
0.930330872535706  0.26423653960228  -0.0166619680821896  -0.00358565337955952  -0.253718703985214
0.929837584495544  0.265994280576706  -0.022618405520916  0.00197512679733336  -0.253246188163757
0.929837584495544  0.265994280576706  -0.022618405520916  0.00197512679733336  -0.253246188163757
0.926669716835022  0.273264944553375  -0.0210522953420877  -0.000585361500270665  -0.257227331399918
0.929756343364716  0.24894917011261  -0.0228218417614698  0.0037640193477273  -0.270263701677322
0.928621113300323  0.27607062458992  -0.0165864434093237  -0.00634308066219091  -0.247249856591225
0.925191462039948  0.285042703151703  -0.0117360791191459  -0.00950999464839697  -0.250086545944214
0.906121551990509  0.319513142108917  -0.0209625530987978  -0.00649640476331115  -0.276357382535934
0.928732931613922  0.269437342882156  -0.0174740515649319  -0.00393180595710874  -0.254042953252792
0.928732931613922  0.269437342882156  -0.0174740515649319  -0.00393180595710874  -0.254042953252792
0.932221829891205  0.268224567174911  -0.0120503483340144  -0.0136138601228595  -0.242254987359047
0.927902162075043  0.274599581956863  -0.0150269567966461  -0.00896194390952587  -0.251568645238876
0.922322571277618  0.305542945861816  -0.0201125647872686  -0.00590936187654734  -0.235637709498405
0.927216172218323  0.271846234798431  -0.0178112760186195  -0.00616634823381901  -0.256932884454727
0.927418529987335  0.278703480958939  -0.017215296626091  -0.00702271098271012  -0.248744189739227
0.93052738904953  0.274936348199844  -0.00981577765196562  -0.0173185151070356  -0.24110646545887
0.928417563438416  0.274310350418091  -0.01360884308815  -0.00619273399934173  -0.250142306089401
0.928886413574219  0.256326675415039  -0.022604413330555  0.00645892228931189  -0.266296893358231
0.932273924350739  0.269816547632217  -0.0100635392591357  -0.0146032525226474  -0.240312159061432
0.932073891162872  0.26717483997345  -0.0138992667198181  -0.0103977341204882  -0.244038090109825
0.928947985172272  0.276191115379333  -0.0114674018695951  -0.00930142030119896  -0.246081411838531
0.923407375812531  0.289369285106659  -0.0184524431824684  -0.0025909417308867  -0.25146958231926
0.925168812274933  0.283472925424576  -0.0152457887306809  -0.00737104984000325  -0.251831382513046
0.926960527896881  0.282936334609985  -0.0180214736610651  -0.00489763403311372  -0.245646834373474
0.929104745388031  0.27117383480072  -0.0157896652817726  -0.00470647169277072  -0.250913560390472
0.927024483680725  0.273145288228989  -0.0185912437736988  -0.000850813987199217  -0.256263315677643
0.927171647548676  0.279273688793182  -0.0172024313360453  -0.004058797378093  -0.249091327190399
0.929614841938019  0.261354595422745  -0.018563037738204  -0.00776602933183312  -0.259046524763107
0.929496884346008  0.273290455341339  -0.015430198982358  -0.00736209657043219  -0.247094109654427
0.928441762924194  0.275818467140198  -0.0145639963448048  -0.00538923963904381  -0.248352691531181
0.928171694278717  0.264627128839493  -0.0190934967249632  -4.40651128883474e-05  -0.260969996452332
0.928080260753632  0.270823866128922  -0.016925074160099  -0.00705911219120026  -0.254922121763229
0.930559754371643  0.268849849700928  -0.0143839046359062  -0.00903534609824419  -0.247971326112747
0.928580403327942  0.263758718967438  -0.0172645337879658  -0.00143537181429565  -0.260517954826355
0.927065908908844  0.285423368215561  -0.0172220598906279  -0.00728111620992422  -0.242348164319992
0.929279863834381  0.277273595333099  -0.0142219271510839  -0.00999039597809315  -0.2434261739254
0.926494657993317  0.284398943185806  -0.0164815615862608  -0.00788522511720657  -0.245745986700058
0.929715931415558  0.267475634813309  -0.0155213437974453  -0.00750216236338019  -0.252562582492828
0.931266963481903  0.259833484888077  -0.0170348901301622  -0.00225574732758105  -0.254820019006729
0.92941278219223  0.277601331472397  -0.0155327394604683  -0.0103392526507378  -0.242448195815086
0.931151628494263  0.262588918209076  -0.0173764415085316  -0.00855896342545748  -0.252246826887131
0.930393636226654  0.26087012887001  -0.0224422477185726  0.000980086508207023  -0.256534427404404
0.933570802211761  0.256859064102173  -0.0186749901622534  -0.00178220355883241  -0.249232575297356
0.919230043888092  0.306360691785812  -0.015643659979105  -0.0102071072906256  -0.246597737073898
0.929268479347229  0.265545070171356  -0.0152772022411227  -0.00776122976094484  -0.256226807832718
0.92943263053894  0.265483915805817  -0.0199565030634403  -0.00197144271805882  -0.255482375621796
0.923203408718109  0.276263564825058  -0.0188154205679893  -0.000688071828335524  -0.266494542360306
0.931961596012115  0.268043279647827  -0.0132366018369794  -0.00940218381583691  -0.243591576814651
0.922272622585297  0.285720765590668  -0.0224551223218441  0.00394029403105378  -0.259339720010757
0.9237100481987  0.28802302479744  -0.0163517855107784  -0.00202630157582462  -0.252053618431091
0.930701553821564  0.270576000213623  -0.0139667466282845  -0.00705078849568963  -0.245638698339462
0.925029814243317  0.26148647069931  -0.0236469898372889  0.00284444121643901  -0.274549514055252
0.927867114543915  0.26993864774704  -0.0175608955323696  -0.000835380633361638  -0.256684243679047
0.930038630962372  0.269366145133972  -0.0170999635010958  -0.00422212714329362  -0.249318704009056
0.929720640182495  0.276385098695755  -0.0151767916977406  -0.0106174759566784  -0.242668136954308
0.927617967128754  0.279445439577103  -0.0158029608428478  -0.00876658875495195  -0.247201547026634
0.930100917816162  0.269403159618378  -0.0114192385226488  -0.00743596395477653  -0.249296203255653
0.914539098739624  0.294648677110672  -0.0182600691914558  0.00532622169703245  -0.276475459337234
0.927545726299286  0.266346871852875  -0.0193183645606041  0.000864289875607938  -0.261427819728851
0.929921567440033  0.273127943277359  -0.0131715824827552  -0.0118432575836778  -0.245628163218498
0.932497620582581  0.269831120967865  -0.0132587533444166  -0.00981150567531586  -0.239514425396919
0.925825953483582  0.27693110704422  -0.0104549154639244  -0.00946209859102964  -0.256820231676102
0.92454206943512  0.293221324682236  -0.0117750857025385  -0.00793090555816889  -0.242985084652901
0.929065525531769  0.268048077821732  -0.0192302241921425  -0.00361077953130007  -0.254174530506134
0.920417487621307  0.298571646213531  -0.0163568705320358  -0.006520951166749  -0.251747071743011
0.929447591304779  0.269115388393402  -0.0165344420820475  -0.00561279244720936  -0.251792252063751
0.92906779050827  0.269076138734818  -0.014709485694766  -0.00645587919279933  -0.253324061632156
0.920657992362976  0.298265993595123  -0.0170914493501186  -0.00715766940265894  -0.251163423061371
0.928296804428101  0.280889838933945  -0.0164435263723135  -0.00856445077806711  -0.242944449186325
0.926927208900452  0.277570635080338  -0.0155396340414882  -0.00534417573362589  -0.251973062753677
0.931406676769257  0.265192985534668  -0.0185475200414658  -0.00450209714472294  -0.248576119542122
0.921749234199524  0.268960982561111  -0.0170732941478491  -0.00811057817190886  -0.27871310710907
0.925584852695465  0.268160700798035  -0.0233206301927567  0.00378895807079971  -0.266128480434418
0.93005096912384  0.264957517385483  -0.0183125436306  -0.00599157530814409  -0.253833621740341
0.929311573505402  0.271975576877594  -0.0165402162820101  -0.00590049801394343  -0.249200403690338
0.933417677879333  0.260543167591095  -0.0205245390534401  -0.00603438867256045  -0.245745792984962
0.92633980512619  0.277064472436905  -0.0215377099812031  0.00050933810416609  -0.254294484853745
0.928991079330444  0.272012293338776  -0.0168853253126144  -0.00384283135645092  -0.250369668006897
0.925263345241547  0.281998485326767  -0.0135911917313933  -0.00705906702205539  -0.253239154815674
0.923348248004913  0.289553105831146  -0.0174673683941364  0.000896786688826978  -0.251557499170303
0.92949914932251  0.273915320634842  -0.015775864943862  -0.00577475735917687  -0.246413350105286
0.932804822921753  0.26774075627327  -0.0105393202975392  -0.0163026601076126  -0.240443527698517
0.928795158863068  0.276854515075684  -0.0132713848724961  -0.00441477028653026  -0.245958060026169
0.928525686264038  0.27981099486351  -0.0204654037952423  -0.00509425904601812  -0.243106916546822
0.925085067749023  0.272980391979218  -0.018005657941103  0.000449357205070555  -0.26339116692543
0.926031827926636  0.281892865896225  -0.0128211826086044  -0.00877836719155312  -0.250519782304764
0.930729925632477  0.267767369747162  -0.0155382715165615  -0.00751034449785948  -0.248484656214714
0.933125019073486  0.268327116966248  -0.0119217494502664  -0.00906867906451225  -0.238859325647354
0.928659975528717  0.260189294815063  -0.0203729812055826  0.00271674245595932  -0.263571202754974
0.926727652549744  0.279371440410614  -0.0211760606616735  -0.00180742563679814  -0.250351279973984
0.923448145389557  0.294135510921478  -0.0224240012466908  -0.000717239861842245  -0.245406851172447
0.929814994335175  0.273312866687775  -0.0159451048821211  -0.00916391611099243  -0.245776101946831
0.927282452583313  0.284932434558868  -0.0158546790480614  -0.0074319439008832  -0.242185905575752
0.924073100090027  0.266249507665634  -0.0263827685266733  0.0104803526774049  -0.272753119468689
0.930826187133789  0.282064825296402  -0.0173068717122078  -0.00805343594402075  -0.231598079204559
0.927086472511292  0.272254526615143  -0.0232797171920538  0.00151836045552045  -0.256600439548492
0.931564271450043  0.273913115262985  -0.0162459947168827  -0.00848268903791904  -0.238377213478088
0.928795576095581  0.26383239030838  -0.018687030300498  -0.00714010186493397  -0.25948241353035
0.924546182155609  0.258670806884766  -0.0238412246108055  0.00933298002928495  -0.278654336929321
0.921962797641754  0.294911950826645  -0.0226569063961506  0.00193412590306252  -0.249988734722137
0.918182373046875  0.304103434085846  -0.0164712872356176  -0.00690832734107971  -0.253265112638474
0.931456208229065  0.265510082244873  -0.0203228779137135  0.000564606219995767  -0.247952714562416
0.929373204708099  0.276538729667664  -0.0187207348644733  -0.00636914558708668  -0.243722513318062
0.926864504814148  0.282703965902328  -0.015536536462605  -0.00776503048837185  -0.246371567249298
0.928248107433319  0.276477247476578  -0.0144639825448394  -0.0109487855806947  -0.248166710138321
0.927900493144989  0.278629630804062  -0.0163816325366497  -0.00934698060154915  -0.247003138065338
0.928682744503021  0.269255667924881  -0.0162851512432098  -0.00575933651998639  -0.254462838172913
0.918437957763672  0.30787268280983  -0.015969580039382  -0.00706230197101831  -0.247752383351326
0.929864645004272  0.273520171642303  -0.0158074386417866  -0.00912580266594887  -0.245367720723152
0.928238809108734  0.272284954786301  -0.0172470510005951  -0.00684630917385221  -0.252763479948044
0.925411105155945  0.278581172227859  -0.0173242073506117  -0.00231519481167197  -0.256322592496872
0.926409959793091  0.276221513748169  -0.0146776242181659  -0.00725006824359298  -0.255339384078979
0.931982100009918  0.275691241025925  -0.0172128174453974  -0.00434164376929402  -0.23470975458622
0.926671504974365  0.272536218166351  -0.0179225672036409  -0.00283751217648387  -0.258214265108109
0.92618602514267  0.272313117980957  -0.01840415969491  -0.0014939489774406  -0.260161638259888
0.927616059780121  0.270485818386078  -0.019603194668889  6.51419613859616e-05  -0.256868898868561
0.925945699214935  0.260887026786804  -0.0206927806138992  0.00250551640056074  -0.272264331579208
0.928080260753632  0.270823866128922  -0.016925074160099  -0.00705911219120026  -0.254922121763229
0.928610801696777  0.269529789686203  -0.0170325934886932  -0.00428022956475616  -0.254415392875671
0.929893255233765  0.272465199232101  -0.0174698662012815  -0.00327823893167078  -0.246465563774109
0.92683482170105  0.278909087181091  -0.0189651716500521  -0.00283713894896209  -0.25063756108284
0.928180396556854  0.267759799957275  -0.0176896099001169  -0.0040866881608963  -0.257791042327881
0.927244186401367  0.28188169002533  -0.0142976641654968  -0.0114273289218545  -0.245817020535469
0.927619159221649  0.269563496112823  -0.0169878136366606  -0.00518313236534595  -0.257958889007568
0.926255941390991  0.296612173318863  -0.0215846616774797  -0.00283371889963746  -0.231510743498802
0.929756343364716  0.24894917011261  -0.0228218417614698  0.0037640193477273  -0.270263701677322
0.925788164138794  0.284686803817749  -0.014947921037674  -0.0104568786919117  -0.248066514730453
0.928682744503021  0.269255667924881  -0.0162851512432098  -0.00575933651998639  -0.254462838172913
0.93011200428009  0.268515110015869  -0.0202048979699612  -0.0024141336325556  -0.249754160642624
0.925184011459351  0.279029130935669  -0.0187496971338987  -0.00313162291422486  -0.256546258926392
0.921855986118317  0.295938909053802  -0.0157339423894882  -0.00744270673021674  -0.249597072601318
0.925471007823944  0.268451809883118  -0.0214230362325907  0.00232797930948436  -0.266406834125519
0.92815500497818  0.260601609945297  -0.0233242996037006  0.00224309624172747  -0.264699786901474
0.926522791385651  0.275701642036438  -0.0167813915759325  -0.0054971631616354  -0.255406200885773
0.927250802516937  0.277500003576279  -0.0166590455919504  -0.00628967164084315  -0.250763893127441
0.922044813632965  0.297783821821213  -0.0156980268657207  -0.00682081328704953  -0.246708661317825
0.923958003520966  0.28057786822319  -0.0189895331859589  -0.00421914923936129  -0.259228020906448
0.926188409328461  0.286129683256149  -0.0185718666762114  -0.00599791528657079  -0.244793653488159
0.93161803483963  0.26842674612999  -0.0119192246347666  -0.0118932388722897  -0.24444106221199
0.926850080490112  0.276554346084595  -0.0152195626869798  -0.00508609414100647  -0.253395110368729
0.926804065704346  0.274523168802261  -0.0163419339805841  -0.0057954560033977  -0.25567701458931
0.927656352519989  0.279042959213257  -0.0146746505051851  -0.0073448265902698  -0.247627422213554
0.929820895195007  0.262458264827728  -0.0185174290090799  -0.00361961894668639  -0.257279425859451
0.929182946681976  0.27467554807663  -0.011764045804739  -0.00852501671761274  -0.246903389692307
0.934576749801636  0.261984646320343  -0.0144301997497678  -0.00796955917030573  -0.240121752023697
0.936028957366943  0.257080763578415  -0.0101361516863108  -0.00739238597452641  -0.240004062652588
0.927876949310303  0.261465907096863  -0.0158749595284462  -0.00234031397849321  -0.26537224650383
0.931350946426392  0.26878622174263  -0.0191062334924936  -0.00283395801670849  -0.244879797101021
0.926760017871857  0.281288385391235  -0.0118293995037675  -0.00986522249877453  -0.248506516218185
0.932637512683868  0.27080100774765  -0.017594825476408  -0.00634363805875182  -0.237706199288368
0.927533030509949  0.262148022651672  -0.022685494273901  0.0036823267582804  -0.265391945838928
0.930114209651947  0.271120697259903  -0.0105190454050899  -0.0101565411314368  -0.247320160269737
0.925121247768402  0.283669710159302  -0.017920633777976  -0.00726981554180384  -0.251611053943634
0.931828677654266  0.266952067613602  -0.0123263532295823  -0.0109456116333604  -0.245275437831879
0.92510449886322  0.289200961589813  -0.0223008114844561  -0.00131389393936843  -0.245041906833649
0.926591694355011  0.25477921962738  -0.0235683955252171  0.00428590085357428  -0.275575011968613
0.923725187778473  0.289100646972656  -0.0220154002308846  -0.00059971323935315  -0.25033500790596
0.931093215942383  0.27117457985878  -0.013122278265655  -0.00980932451784611  -0.243436455726624
0.927148103713989  0.285850346088409  -0.0130233475938439  -0.0119850691407919  -0.241604492068291
0.928964614868164  0.272226095199585  -0.0175961442291737  -0.00700723472982645  -0.250118017196655
0.926653802394867  0.265304952859879  -0.0216801650822163  0.00411223759874701  -0.265403389930725
0.925937294960022  0.27641835808754  -0.0210954956710339  -0.0013359549921006  -0.256487965583801
0.92684417963028  0.266088306903839  -0.0197821073234081  0.000151363710756414  -0.264131546020508
0.927840411663055  0.266933768987656  -0.0195942744612694  -0.0047462317161262  -0.259715378284454
0.924519062042236  0.285498589277267  -0.0140962693840265  -0.0082712322473526  -0.251968145370483
0.92875736951828  0.273567467927933  -0.0183530878275633  -0.00466364528983831  -0.249423295259476
0.92887943983078  0.277157843112946  -0.0144682107493281  -0.00727833202108741  -0.245161607861519
0.926610469818115  0.280701398849487  -0.0146059831604362  -0.00831197574734688  -0.249634563922882
0.937458634376526  0.237653970718384  -0.0188841558992863  -0.00111178739462048  -0.253641843795776
0.927463889122009  0.275920301675797  -0.0147278485819697  -0.00877808313816786  -0.251763343811035
0.927183270454407  0.280997335910797  -0.0189873408526182  -0.00411010207608342  -0.246970161795616
0.925130307674408  0.28674903512001  -0.0137801198288798  -0.0113956490531564  -0.248171731829643
0.930724382400513  0.2707459628582  -0.0120373005047441  -0.0117524582892656  -0.245286852121353
0.928612947463989  0.27295133471489  -0.0162047818303108  -0.00385823450051248  -0.250794917345047
0.931320607662201  0.269816249608994  -0.0157973375171423  -0.00836053676903248  -0.243970647454262
0.927455306053162  0.276639252901077  -0.0158218573778868  -0.00769236171618104  -0.250973731279373
0.93243145942688  0.270053654909134  -0.0194390807300806  -0.00606429483741522  -0.239223554730415
0.930250287055969  0.27427926659584  -0.0139258205890656  -0.00810262933373451  -0.243198722600937
0.925070285797119  0.279209434986115  -0.0179938431829214  -0.00502261705696583  -0.256783932447433
0.925037026405334  0.266120880842209  -0.0282850619405508  0.0116331940516829  -0.269352465867996
0.930057883262634  0.280713528394699  -0.0115913096815348  -0.0158776994794607  -0.236232489347458
0.925168812274933  0.283472925424576  -0.0152457887306809  -0.00737104984000325  -0.251831382513046
0.926390469074249  0.272874712944031  -0.0235161744058132  0.00292540108785033  -0.258415281772614
0.928535997867584  0.279835194349289  -0.0126662058755755  -0.0151732051745057  -0.243150979280472
0.924284517765045  0.277902275323868  -0.0212015155702829  -0.00270841759629548  -0.260790228843689
0.930315136909485  0.270539134740829  -0.0144637497141957  -0.00898973736912012  -0.247047185897827
0.926945388317108  0.275062799453735  -0.0173464715480804  -0.00411513075232506  -0.254548281431198
0.929036855697632  0.270889639854431  -0.0148304952308536  -0.00710233394056559  -0.251473605632782
0.927980184555054  0.279001593589783  -0.0143706388771534  -0.0105597246438265  -0.246359154582024
0.931194961071014  0.270803838968277  -0.0131310280412436  -0.0110931610688567  -0.243404537439346
0.927587807178497  0.26628378033638  -0.0154861751943827  -0.00418880861252546  -0.26156547665596
0.922322571277618  0.305542945861816  -0.0201125647872686  -0.00590936187654734  -0.235637709498405
0.926228642463684  0.279396325349808  -0.0152499498799443  -0.00612771883606911  -0.252523452043533
0.930330872535706  0.26423653960228  -0.0166619680821896  -0.00358565337955952  -0.253718703985214
0.92815500497818  0.260601609945297  -0.0233242996037006  0.00224309624172747  -0.264699786901474
0.92817223072052  0.274816423654556  -0.0175576414912939  -0.00281594297848642  -0.25031179189682
0.927216172218323  0.271846234798431  -0.0178112760186195  -0.00616634823381901  -0.256932884454727
0.932462573051453  0.2698133289814  -0.011211714707315  -0.014381573535502  -0.239545106887817
0.928029775619507  0.277746021747589  -0.015417480841279  -0.0100333457812667  -0.24754698574543
0.92317795753479  0.301474869251251  -0.0194933488965034  -0.00515467626973987  -0.237589374184608
0.930059731006622  0.270949065685272  -0.0180135741829872  -0.00496410531923175  -0.247439682483673
0.929720640182495  0.276385098695755  -0.0151767916977406  -0.0106174759566784  -0.242668136954308
0.929190993309021  0.264198362827301  -0.0188940688967705  -0.00320443930104375  -0.25775209069252
0.923765122890472  0.289113134145737  -0.0199558716267347  -0.000599739141762257  -0.250345826148987
0.930382192134857  0.275128424167633  -0.0175161436200142  -0.00709457183256745  -0.241529032588005
0.925064504146576  0.284829407930374  -0.0161347929388285  -0.00584313739091158  -0.250665932893753
0.929961204528809  0.271404415369034  -0.0160035341978073  -0.00608396483585238  -0.247424006462097
0.9320148229599  0.259451508522034  -0.016909871250391  -0.00536502711474895  -0.252425104379654
0.929776847362518  0.271994590759277  -0.0148335788398981  -0.006660180632025  -0.247526809573174
0.924377202987671  0.278550535440445  -0.0217532254755497  -0.00246573821641505  -0.25972506403923
0.930582821369171  0.268570214509964  -0.0158905629068613  -0.00807507988065481  -0.248128905892372
0.932360231876373  0.258112072944641  -0.0181732606142759  -0.00366596085950732  -0.252465635538101
0.929765820503235  0.267827749252319  -0.0166537016630173  -0.00979898869991302  -0.251853913068771
0.92785370349884  0.294887125492096  -0.0194111373275518  -0.00570327276363969  -0.227419838309288
0.93054735660553  0.271809428930283  -0.0135459639132023  -0.0123444711789489  -0.244674041867256
0.922764182090759  0.291262626647949  -0.0158555563539267  -0.00790162105113268  -0.251711130142212
0.927780270576477  0.267176926136017  -0.0176126156002283  -0.00644685607403517  -0.259785681962967
0.918266355991364  0.306415468454361  -0.017413018271327  -0.00634945323690772  -0.250105857849121
0.930440247058868  0.263833463191986  -0.0159519910812378  -0.00798259861767292  -0.253682285547256
0.92884886264801  0.270700246095657  -0.0166085008531809  -0.00403275154531002  -0.252327531576157
0.926927208900452  0.277570635080338  -0.0155396340414882  -0.00534417573362589  -0.251973062753677
0.926864504814148  0.282703965902328  -0.015536536462605  -0.00776503048837185  -0.246371567249298
0.929065525531769  0.268048077821732  -0.0192302241921425  -0.00361077953130007  -0.254174530506134
0.928790032863617  0.265353411436081  -0.0199827384203672  -0.00160935148596764  -0.25794306397438
0.925070285797119  0.279209434986115  -0.0179938431829214  -0.00502261705696583  -0.256783932447433
0.927890956401825  0.278828084468842  -0.0176973361521959  -0.00607123784720898  -0.246826142072678
0.931002140045166  0.278006911277771  -0.0150357959792018  -0.0108189256861806  -0.235804960131645
0.92906779050827  0.269076138734818  -0.014709485694766  -0.00645587919279933  -0.253324061632156
0.931827902793884  0.261450380086899  -0.0160462930798531  -0.0111870402470231  -0.250914096832275
0.929247260093689  0.281277388334274  -0.0130357472226024  -0.0105557572096586  -0.238958761096001
0.927079081535339  0.272333383560181  -0.0126289380714297  -0.00726381782442331  -0.257189750671387
0.936528623104095  0.255794793367386  -0.00843503884971142  -0.0113453771919012  -0.239339098334312
0.927462756633759  0.264984369277954  -0.0196973886340857  -0.000250854878686368  -0.263074189424515
0.929065525531769  0.268048077821732  -0.0192302241921425  -0.00361077953130007  -0.254174530506134
0.930152237415314  0.264091849327087  -0.0170144997537136  -0.00225304742343724  -0.254515022039413
0.933327674865723  0.270145833492279  -0.0121187642216682  -0.0103743262588978  -0.235936850309372
0.929638206958771  0.275359243154526  -0.0156697742640972  -0.0143662737682462  -0.243922427296638
0.927292108535767  0.27653831243515  -0.0206873100250959  -0.00209754472598433  -0.251443326473236
0.933327674865723  0.270145833492279  -0.0121187642216682  -0.0103743262588978  -0.235936850309372
0.930361807346344  0.262828558683395  -0.0179703943431377  0.000129337538965046  -0.255000084638596
0.923535346984863  0.297679275274277  -0.0161681976169348  -0.010550050996244  -0.241032645106316
0.926101267337799  0.279145032167435  -0.023077143356204  0.00201697996817529  -0.252740770578384
0.927193343639374  0.276702731847763  -0.0196840856224298  -0.00535101862624288  -0.251658469438553
0.924588859081268  0.289058148860931  -0.0174747314304113  -0.00332951382733881  -0.247516274452209
0.919518530368805  0.307958751916885  -0.0140820005908608  -0.0163843873888254  -0.243270084261894
0.926641225814819  0.258923947811127  -0.0230157971382141  0.00411915918812156  -0.271565437316895
0.92927497625351  0.277272135019302  -0.014221852645278  -0.0104968333616853  -0.243424892425537
0.928185224533081  0.278507083654404  -0.0174689050763845  -0.00419429829344153  -0.246136635541916
0.93202668428421  0.267413318157196  -0.0166727434843779  -0.00713509786874056  -0.243900582194328
0.929129838943481  0.266561031341553  -0.0209259372204542  -0.00163566041737795  -0.255386710166931
0.923534333705902  0.270372748374939  -0.0133318603038788  -0.0099566513672471  -0.271488517522812
0.928805530071259  0.278436630964279  -0.0134218325838447  -0.00975359883159399  -0.243963107466698
0.912757456302643  0.327987462282181  -0.014358177781105  -0.00755717745050788  -0.242970958352089
0.928080260753632  0.270823866128922  -0.016925074160099  -0.00705911219120026  -0.254922121763229
0.920098602771759  0.296970069408417  -0.0164274629205465  -0.00465941429138184  -0.254824608564377
0.93157833814621  0.272295117378235  -0.0130056841298938  -0.013205474242568  -0.240153208374977
0.928406953811646  0.275416105985641  -0.00947683583945036  -0.013444640673697  -0.24886928498745
0.927493929862976  0.262970268726349  -0.0228564608842134  0.00368440337479115  -0.26469898223877
0.937074244022369  0.254373818635941  -0.0113246608525515  -0.0208306778222322  -0.237957283854485
0.932038009166718  0.263419389724731  -0.0114051997661591  -0.0139530971646309  -0.248174533247948
0.931415557861328  0.268955737352371  -0.0140080582350492  -0.00937422271817923  -0.244629830121994
0.926204979419708  0.273310869932175  -0.0180274564772844  0.000449901184765622  -0.259075701236725
0.927341639995575  0.277512460947037  -0.0123866256326437  -0.0125922532752156  -0.250424027442932
0.925736546516418  0.290220409631729  -0.0183762386441231  -0.00244753900915384  -0.241744220256805
0.928201615810394  0.275909602642059  -0.0165881514549255  -0.00833751633763313  -0.248939797282219
0.921811103820801  0.291268587112427  -0.0161025058478117  -0.00136970309540629  -0.255275726318359
0.932233572006226  0.267977833747864  -0.0138052143156528  -0.0107510723173618  -0.242532953619957
0.929887413978577  0.261789262294769  -0.0231855511665344  0.0019809496589005  -0.257360279560089
0.929267048835754  0.269262284040451  -0.0163830555975437  -0.00683101685717702  -0.252280622720718
0.926493704319  0.281236916780472  -0.0160846263170242  -0.010289354249835  -0.249300301074982
0.924928545951843  0.279569357633591  -0.0185928680002689  -0.000172029482200742  -0.256909191608429
0.925962328910828  0.284953862428665  -0.0171157121658325  -0.00176390260457993  -0.24718189239502
0.930590033531189  0.262671709060669  -0.0178417414426804  -0.00698738638311625  -0.254241585731506
0.933804333209991  0.257157146930695  -0.0172377843409777  -0.00852571800351143  -0.248012021183968
0.929604470729828  0.280160903930664  -0.0165330655872822  -0.00807939190417528  -0.238760963082314
0.924940168857574  0.268250465393066  -0.0239502042531967  0.00651436718180776  -0.268162995576859
0.927184164524078  0.266894966363907  -0.0281680058687925  0.00751724513247609  -0.261240690946579
0.929621160030365  0.278916597366333  -0.0136345010250807  -0.00940270442515612  -0.240282744169235
0.929273426532745  0.270523846149445  -0.014726497232914  -0.00486710015684366  -0.251052409410477
0.927983224391937  0.282426863908768  -0.0143634248524904  -0.00843312870711088  -0.24249704182148
0.932168483734131  0.265165001153946  -0.0114135593175888  -0.015507485717535  -0.245720833539963
0.924007892608643  0.25472491979599  -0.0268481429666281  0.0113874273374677  -0.283679604530334
0.930405259132385  0.268956780433655  -0.0150154177099466  -0.010210664011538  -0.248351767659187
0.926639974117279  0.276393234729767  -0.0162902399897575  -0.006889333948493  -0.254228860139847
0.923799872398376  0.28306257724762  -0.0145599031820893  -0.00339262094348669  -0.25738251209259
0.927552282810211  0.274442702531815  -0.0158892925828695  -0.001659304369241  -0.253125995397568
0.923892438411713  0.290142685174942  -0.0157762411981821  -0.0106818312779069  -0.248751163482666
0.923378646373749  0.293383419513702  -0.0172701273113489  -0.00664189737290144  -0.246892020106316
0.934463441371918  0.264098674058914  -0.0136610213667154  -0.0092018349096179  -0.23824068903923
0.932350039482117  0.254132717847824  -0.0246583092957735  0.00331751769408584  -0.255970418453217
0.930300414562225  0.259997844696045  -0.0187745448201895  0.000371628178982064  -0.258049458265305
0.932626366615295  0.268842458724976  -0.0145489033311605  -0.00909413583576679  -0.24007810652256
0.934328377246857  0.26116093993187  -0.0180775113403797  -0.00855910684913397  -0.24171356856823
0.930191934108734  0.26896658539772  -0.0165015421807766  -0.00297796470113099  -0.249236404895782
0.9239701628685  0.283495217561722  -0.0160063803195953  -0.00185542902909219  -0.256222665309906
0.915018141269684  0.311395227909088  -0.015498286113143  -0.00200871378183365  -0.255989521741867
0.932636022567749  0.27057808637619  -0.012187915854156  -0.0166802164167166  -0.237803921103477
0.940543055534363  0.245930671691895  -0.012126175686717  -0.00997879263013601  -0.233773693442345
0.92792797088623  0.282126396894455  -0.01928785815835  -0.00904751569032669  -0.242694184184074
0.925372302532196  0.298343867063522  -0.0117976823821664  -0.0112466318532825  -0.233262479305267
0.932419240474701  0.273341983556747  -0.0134407998993993  -0.0140071278437972  -0.235588207840919
0.935902655124664  0.277985274791718  -0.0140096200630069  -0.00512178707867861  -0.215841993689537
0.928193986415863  0.276871085166931  -0.0164182223379612  -0.00867592357099056  -0.247898235917091
0.928886592388153  0.277890682220459  -0.0146216955035925  -0.0114092361181974  -0.244136095046997
0.931626737117767  0.268704384565353  -0.013560077175498  -0.0109269032254815  -0.244061827659607
0.926224291324615  0.273064792156219  -0.0189257226884365  0.000231723301112652  -0.25920245051384
0.930405676364899  0.262973636388779  -0.0184788070619106  -0.00142116623464972  -0.254650145769119
0.928899109363556  0.273839592933655  -0.0113090211525559  -0.00882435403764248  -0.248902469873428
0.927785098552704  0.280413031578064  -0.00913143437355757  -0.0113903945311904  -0.245703458786011
0.933207452297211  0.264026910066605  -0.0135795390233397  -0.0140763707458973  -0.242963269352913
0.933950841426849  0.263724803924561  -0.01467031147331  -0.00992546882480383  -0.24056439101696
0.928474128246307  0.272104382514954  -0.0170229710638523  -0.00511127384379506  -0.252148985862732
0.926985859870911  0.273308217525482  -0.0180255547165871  -0.00473348889499903  -0.256227374076843
0.927754819393158  0.283869057893753  -0.016434445977211  -0.00922405533492565  -0.241524860262871
0.904980182647705  0.310116529464722  -0.0322355106472969  0.0066785435192287  -0.289404511451721
0.928376734256744  0.2787204682827  -0.0143201323226094  -0.0146245108917356  -0.244974717497826
0.921327888965607  0.284856498241425  -0.0189525876194239  -0.00760467443615198  -0.263808012008667
0.92877197265625  0.27843776345253  -0.0148240514099598  -0.00816418044269085  -0.244066968560219
0.930118501186371  0.273863881826401  -0.0137092471122742  -0.00824947748333216  -0.244176581501961
0.927626729011536  0.276897579431534  -0.0152334617450833  -0.00689102988690138  -0.250113517045975
0.929067254066467  0.283505767583847  -0.0165798775851727  -0.00774231646209955  -0.236904591321945
0.933016121387482  0.265829622745514  -0.0121047971770167  -0.0151563975960016  -0.241741999983788
0.930049180984497  0.269124388694763  -0.0153075139969587  -0.00908268708735704  -0.249526828527451
0.927081406116486  0.296909928321838  -0.0157935246825218  -0.0103591559454799  -0.228052273392677
0.923195362091064  0.291193515062332  -0.0163000728935003  -0.00721404422074556  -0.250197768211365
0.930582821369171  0.268570214509964  -0.0158905629068613  -0.00807507988065481  -0.248128905892372
0.92887943983078  0.277157843112946  -0.0144682107493281  -0.00727833202108741  -0.245161607861519
0.9320268034935  0.265829592943192  -0.0145220151171088  -0.0109177390113473  -0.2456224411726
0.927835881710052  0.266196489334106  -0.0221066847443581  0.00272433832287788  -0.260315269231796
0.931837022304535  0.261452913284302  -0.0160464495420456  -0.0102720223367214  -0.250916540622711
0.925698816776276  0.284606546163559  -0.0178252123296261  -0.00647759437561035  -0.248437464237213
0.92708820104599  0.274248659610748  -0.0167514123022556  -0.00258640758693218  -0.254966527223587
0.934600591659546  0.265435606241226  -0.0135372448712587  -0.0153831457719207  -0.235893398523331
0.93053674697876  0.266416996717453  -0.0165739301592112  -0.00466657197102904  -0.250653088092804
0.927337229251862  0.271507531404495  -0.0194091610610485  -0.00217933137901127  -0.256802976131439
0.92887943983078  0.277157843112946  -0.0144682107493281  -0.00727833202108741  -0.245161607861519
0.929547548294067  0.27356481552124  -0.00962332170456648  -0.0102386679500341  -0.24679160118103
0.932299375534058  0.270043283700943  -0.0146125573664904  -0.00906570814549923  -0.239997610449791
0.92157918214798  0.283895492553711  -0.0182885136455297  0.00285817449912429  -0.264106869697571
0.928247570991516  0.276444464921951  -0.0160170570015907  -0.00356457312591374  -0.248325660824776
0.930541098117828  0.275463163852692  -0.0125785646960139  -0.0133849503472447  -0.24057437479496
0.924988746643066  0.284668505191803  -0.0196882002055645  -0.00458422163501382  -0.250900566577911
0.925920724868774  0.278225064277649  -0.019905686378479  0.00108549289871007  -0.254684627056122
0.928244054317474  0.277577996253967  -0.013486810028553  -0.0104261618107557  -0.247028097510338
0.93356728553772  0.267669647932053  -0.0135677019134164  -0.00740159722045064  -0.237836435437202
0.93144303560257  0.268291503190994  -0.0153506239876151  -0.00867235288023949  -0.245199531316757
0.929835617542267  0.269693553447723  -0.0144504299387336  -0.00861263275146484  -0.249776169657707
0.932770133018494  0.269288033246994  -0.0163382776081562  -0.00663807755336165  -0.238982617855072
0.931293606758118  0.273879796266556  -0.0160756036639214  -0.00768237421289086  -0.239509433507919
0.929916620254517  0.263296186923981  -0.015033139847219  -0.00716327875852585  -0.256227940320969
0.926671504974365  0.272536218166351  -0.0179225672036409  -0.00283751217648387  -0.258214265108109
0.923342347145081  0.28575724363327  -0.0165861919522285  0.00178227585274726  -0.25593626499176
0.928663313388824  0.264473855495453  -0.0194636173546314  -0.0053846943192184  -0.259288012981415
0.930191934108734  0.26896658539772  -0.0165015421807766  -0.00297796470113099  -0.249236404895782
0.925323903560638  0.283863663673401  -0.0162570495158434  -0.00418195780366659  -0.250829458236694
0.921815395355225  0.279864132404327  -0.0208618156611919  0.00176546303555369  -0.267384022474289
0.928871154785156  0.268549352884293  -0.0202268529683352  0.00169418193399906  -0.254298359155655
0.930528283119202  0.272686988115311  -0.0108507191762328  -0.013607201166451  -0.243836224079132
0.931613981723785  0.266152411699295  -0.0139943063259125  -0.0091191316023469  -0.246939644217491
0.927304625511169  0.276859939098358  -0.0224781651049852  -0.000110716100607533  -0.250897258520126
0.930681884288788  0.270392745733261  -0.0182430595159531  -0.00555011723190546  -0.245673283934593
0.931930363178253  0.25719028711319  -0.0195574853569269  -0.00366542465053499  -0.254878550767899
0.933338403701782  0.264783412218094  -0.0135412514209747  -0.008964529260993  -0.241878733038902
0.923024535179138  0.293499976396561  -0.0174451656639576  -0.00332388048991561  -0.248128846287727
0.924026608467102  0.296056121587753  -0.0178463160991669  -0.003170425305143  -0.241240710020065
0.92987471818924  0.27035665512085  -0.0132550904527307  -0.00895959232002497  -0.248966783285141
0.930254280567169  0.277801603078842  -0.0130855059251189  -0.00907118804752827  -0.239164754748344
0.935996174812317  0.264606803655624  -0.0100560840219259  -0.0119800241664052  -0.231624215841293
0.930298030376434  0.27005061507225  -0.0175469014793634  -0.00360489590093493  -0.247582867741585
0.928519189357758  0.275092989206314  -0.0135142868384719  -0.0130136264488101  -0.24864450097084
0.93054735660553  0.271809428930283  -0.0135459639132023  -0.0123444711789489  -0.244674041867256
0.929614841938019  0.261354595422745  -0.018563037738204  -0.00776602933183312  -0.259046524763107
0.92892849445343  0.280516058206558  -0.0147942369803786  -0.00750800035893917  -0.241095989942551
0.932090282440186  0.258552432060242  -0.0192040540277958  -0.00344900996424258  -0.252937912940979
0.929781556129456  0.268909215927124  -0.0157673694193363  -0.00900625716894865  -0.250727355480194
0.928428530693054  0.271306097507477  -0.0187854319810867  -0.00461353035643697  -0.253059685230255
0.929065525531769  0.268048077821732  -0.0192302241921425  -0.00361077953130007  -0.254174530506134
0.92369145154953  0.277757108211517  -0.0208492260426283  0.00131408730521798  -0.263075649738312
0.906052947044373  0.305873274803162  -0.0184294823557138  -0.00843091867864132  -0.291717082262039
0.925937294960022  0.27641835808754  -0.0210954956710339  -0.0013359549921006  -0.256487965583801
0.926793992519379  0.278945684432983  -0.0186191815882921  -0.00387285556644201  -0.250759869813919
0.925312280654907  0.281129360198975  -0.0189449992030859  -0.00444436771795154  -0.253741651773453
0.930791914463043  0.27145129442215  -0.0166178215295076  -0.00691914884373546  -0.244165122509003
0.92906779050827  0.269076138734818  -0.014709485694766  -0.00645587919279933  -0.253324061632156
0.930872797966003  0.260223865509033  -0.0194380935281515  -0.000260454165982082  -0.255697667598724
0.925271272659302  0.284590125083923  -0.015178095549345  -0.00740001956000924  -0.250192880630493
0.926255941390991  0.296612173318863  -0.0215846616774797  -0.00283371889963746  -0.231510743498802
0.927476763725281  0.266712218523026  -0.0198378823697567  -0.0023385367821902  -0.261251598596573
0.930791914463043  0.27145129442215  -0.0166178215295076  -0.00691914884373546  -0.244165122509003
0.929174721240997  0.271570354700089  -0.016912717372179  -0.00654579233378172  -0.250109910964966
0.923973858356476  0.292305111885071  -0.022577065974474  -0.00204659765586257  -0.245593532919884
0.92719304561615  0.277895539999008  -0.0158946961164474  -0.00435980129987001  -0.250630140304565
0.925236523151398  0.299409091472626  -0.0160725153982639  -0.00974984001368284  -0.232246041297913
0.930442094802856  0.274429589509964  -0.0145336864516139  -0.00745565909892321  -0.242278873920441
0.930176377296448  0.267932862043381  -0.0143000613898039  -0.00595497153699398  -0.250487208366394
0.932462573051453  0.2698133289814  -0.011211714707315  -0.014381573535502  -0.239545106887817
0.906809151172638  0.309706509113312  -0.0235305726528168  0.0004976253840141  -0.285000026226044
0.926018476486206  0.277583092451096  -0.0162730272859335  -0.00644372357055545  -0.25520783662796
0.932462573051453  0.2698133289814  -0.011211714707315  -0.014381573535502  -0.239545106887817
0.927836000919342  0.276830762624741  -0.0140691483393312  -0.00608074804767966  -0.249499797821045
0.929898321628571  0.267152547836304  -0.020317055284977  -0.000982091063633561  -0.252001792192459
0.929168105125427  0.277347177267075  -0.0144139239564538  -0.00708055542781949  -0.243859156966209
0.92815500497818  0.260601609945297  -0.0233242996037006  0.00224309624172747  -0.264699786901474
0.924712300300598  0.282356828451157  -0.0155477924272418  -0.00545088713988662  -0.254774957895279
0.927793979644775  0.28106501698494  -0.0162507705390453  -0.00767313409596682  -0.244699493050575
0.929776847362518  0.271994590759277  -0.0148335788398981  -0.006660180632025  -0.247526809573174
0.929699063301086  0.264717936515808  -0.0196081139147282  -0.00245823175646365  -0.255330115556717
0.930722117424011  0.259898453950882  -0.0168658327311277  -0.0056647676974535  -0.256695806980133
0.929484605789185  0.270014584064484  -0.0175824668258429  -0.00281992461532354  -0.250665724277496
0.92581695318222  0.272166401147842  -0.0207131113857031  0.00167887995485216  -0.261450678110123
0.929199993610382  0.259973138570786  -0.021345280110836  0.00156325998250395  -0.261807501316071
0.93106335401535  0.263096690177917  -0.0156985875219107  -0.00661580124869943  -0.252211898565292
0.927250802516937  0.277500003576279  -0.0166590455919504  -0.00628967164084315  -0.250763893127441
0.930961310863495  0.267482399940491  -0.0139700453728437  -0.00932291243225336  -0.247956097126007
0.928628206253052  0.264638990163803  -0.0174986217170954  -0.00708710355684161  -0.259344220161438
0.922044813632965  0.297783821821213  -0.0156980268657207  -0.00682081328704953  -0.246708661317825
0.927250802516937  0.277500003576279  -0.0166590455919504  -0.00628967164084315  -0.250763893127441
0.930584073066711  0.263121664524078  -0.0170661341398954  -0.00796761456876993  -0.25382199883461
0.931478679180145  0.265830487012863  -0.0221620555967093  0.00581523170694709  -0.247298955917358
0.920095145702362  0.299169212579727  -0.0168772432953119  -0.00596838165074587  -0.252194821834564
0.929043889045715  0.268326938152313  -0.0172297451645136  -0.005282630212605  -0.254073292016983
0.922355115413666  0.288711786270142  -0.0180042143911123  -0.00723715545609593  -0.255988359451294
0.923542678356171  0.285565733909607  -0.0155211184173822  -0.00203590001910925  -0.255491703748703
0.930822551250458  0.269763618707657  -0.0150304092094302  -0.0113100865855813  -0.245851948857307
0.929538488388062  0.270343095064163  -0.0146151669323444  -0.0083752041682601  -0.250178158283234
0.928278863430023  0.279121607542038  -0.0133198294788599  -0.00817202124744654  -0.245245233178139
0.92887943983078  0.277157843112946  -0.0144682107493281  -0.00727833202108741  -0.245161607861519
0.925913214683533  0.285954028367996  -0.0155254909768701  -0.00569703429937363  -0.24625501036644
0.927495062351227  0.274404615163803  -0.0164831317961216  -0.00659205112606287  -0.253258615732193
0.928845345973969  0.262349754571915  -0.0189173333346844  -0.00170177000109106  -0.260879546403885
0.927110850811005  0.274291127920151  -0.0135546354576945  -0.00795418582856655  -0.254917174577713
0.926612317562103  0.280899673700333  -0.0167534127831459  -0.0058613233268261  -0.249339178204536
0.932291507720947  0.265256851911545  -0.0161485150456429  -0.00938218086957932  -0.245199158787727
0.930562615394592  0.268539816141129  -0.0167191717773676  -0.00594454212114215  -0.248243272304535
0.930330872535706  0.26423653960228  -0.0166619680821896  -0.00358565337955952  -0.253718703985214
0.925114989280701  0.299495190382004  -0.0164896044880152  -0.00862136855721474  -0.232634171843529
0.931032001972198  0.275906354188919  -0.0136437844485044  -0.0121543668210506  -0.238162040710449
0.927462518215179  0.273181259632111  -0.0165500175207853  -0.00700049707666039  -0.254680782556534
0.928370296955109  0.272257894277573  -0.0143211837857962  -0.00533486064523458  -0.252528548240662
0.929720640182495  0.276385098695755  -0.0151767916977406  -0.0106174759566784  -0.242668136954308
0.933270931243896  0.265870690345764  -0.0139223635196686  -0.0127790914848447  -0.240751072764397
0.927493810653687  0.280026972293854  -0.0182619616389275  -0.00222302856855094  -0.246985077857971
0.92868959903717  0.273095279932022  -0.0172203667461872  -0.00494716037064791  -0.250266820192337
0.929727137088776  0.263172000646591  -0.0218925438821316  0.0033916097600013  -0.256626665592194
0.929377675056458  0.277297466993332  -0.013809671625495  -0.0116336429491639  -0.242975994944572
0.926905930042267  0.269915074110031  -0.0204673372209072  -0.00244164722971618  -0.25993549823761
0.931425929069519  0.270884066820145  -0.0146150011569262  -0.00743842218071222  -0.242484584450722
0.926475822925568  0.26257261633873  -0.0222232919186354  0.00531744537875056  -0.268655866384506
0.928300440311432  0.271396040916443  -0.0168889202177525  -0.00401031086221337  -0.253576993942261
0.932969570159912  0.257652521133423  -0.0167135931551456  -0.00626543862745166  -0.250727921724319
0.930152237415314  0.264091849327087  -0.0170144997537136  -0.00225304742343724  -0.254515022039413
0.925945699214935  0.260887026786804  -0.0206927806138992  0.00250551640056074  -0.272264331579208
0.929805040359497  0.271890431642532  -0.0136740570887923  -0.00902663543820381  -0.247527107596397
0.931828618049622  0.27009853720665  -0.0137250041589141  -0.0104087283834815  -0.241754993796349
0.92398339509964  0.301005005836487  -0.0185898393392563  -0.00472337566316128  -0.235122993588448
0.930641174316406  0.264647662639618  -0.0172418877482414  -0.00579339731484652  -0.252066850662231
0.927919864654541  0.27772256731987  -0.0158231649547815  -0.00892816390842199  -0.248001679778099
0.924208879470825  0.272846460342407  -0.0212593376636505  0.000933430972509086  -0.266345590353012
0.929463267326355  0.268278867006302  -0.0184671990573406  -0.000299598497804254  -0.252553462982178
0.926905930042267  0.269915074110031  -0.0204673372209072  -0.00244164722971618  -0.25993549823761
0.927131593227386  0.256207406520844  -0.0251277610659599  0.00704014813527465  -0.272219926118851
0.928441762924194  0.275818467140198  -0.0145639963448048  -0.00538923963904381  -0.248352691531181
0.925378859043121  0.277639746665955  -0.0143860811367631  -0.00482294382527471  -0.257604330778122
0.932124078273773  0.270648449659348  -0.0126980738714337  -0.0122911911457777  -0.239962071180344
0.92450737953186  0.283817172050476  -0.0178354028612375  -0.00178239413071424  -0.253796756267548
0.946860074996948  0.212576135993004  -0.00303132343105972  -0.0306263323873281  -0.239416345953941
0.924736320972443  0.287653416395187  -0.0104206651449203  -0.0106128193438053  -0.248791322112083
0.927488803863525  0.283178389072418  -0.0164723843336105  -0.0140150999650359  -0.243119195103645
0.928544163703918  0.273131668567657  -0.0185005161911249  0.000828415213618428  -0.250722914934158
0.925197124481201  0.284290879964828  -0.0193981677293777  -0.00625953124836087  -0.250546544790268
0.932770133018494  0.269288033246994  -0.0163382776081562  -0.00663807755336165  -0.238982617855072
0.918671488761902  0.32738870382309  -0.0208398085087538  -0.00554150296375155  -0.219987213611603
0.926540911197662  0.249769628047943  -0.0231467112898827  0.00438600685447454  -0.280325174331665
0.933843016624451  0.268862336874008  -0.0111820911988616  -0.0147370146587491  -0.235176935791969
0.933105409145355  0.263785928487778  -0.0223434250801802  2.55373033724027e-05  -0.243376642465591
0.923421561717987  0.272723853588104  -0.0241247266530991  0.00135977368336171  -0.268943279981613
0.926597952842712  0.259812593460083  -0.0239919796586037  0.00418486585840583  -0.27077728509903
0.92660790681839  0.27198252081871  -0.0188657678663731  -0.00164920382667333  -0.258968353271484
0.930652976036072  0.282916009426117  -0.0168818905949593  -0.0097612114623189  -0.231221422553062
0.929875910282135  0.26832103729248  -0.0145052410662174  -0.00947239995002747  -0.251066744327545
0.928236484527588  0.277361661195755  -0.0118657425045967  -0.00980046670883894  -0.247407883405685
0.931156873703003  0.259783864021301  -0.014565410092473  -0.00510760582983494  -0.255383849143982
0.927425146102905  0.272143691778183  -0.01919125020504  -0.00531578529626131  -0.255780696868896
0.927746653556824  0.277853906154633  -0.0156609639525414  -0.00823828764259815  -0.2485361546278
0.926980078220367  0.281236588954926  -0.0152703588828444  -0.00710045406594872  -0.247649505734444
0.926522791385651  0.275701642036438  -0.0167813915759325  -0.0054971631616354  -0.255406200885773
0.93029648065567  0.270951747894287  -0.0143533740192652  -0.0105414874851704  -0.246610075235367
0.925345659255981  0.270857781171799  -0.0207260940223932  0.00347054447047412  -0.264442592859268
0.92768120765686  0.268770724534988  -0.0202875137329102  0.00127875490579754  -0.25837305188179
0.926573991775513  0.277202695608139  -0.0180982518941164  -0.00256088539026678  -0.253545314073563
0.926495730876923  0.265027105808258  -0.0245111212134361  0.00152321322821081  -0.266013413667679
0.929490864276886  0.26801010966301  -0.0163014214485884  -0.00798676535487175  -0.252760350704193
0.929538488388062  0.270343095064163  -0.0146151669323444  -0.0083752041682601  -0.250178158283234
0.93004709482193  0.267057299613953  -0.0171042829751968  -0.00812497083097696  -0.251662880182266
0.93156099319458  0.265315026044846  -0.016486244276166  -0.00363758369348943  -0.248025879263878
0.929938614368439  0.256673455238342  -0.0227586533874273  0.00225489214062691  -0.26231649518013
0.922355115413666  0.288711786270142  -0.0180042143911123  -0.00723715545609593  -0.255988359451294
0.920324921607971  0.300106465816498  -0.0178931560367346  -0.00422248849645257  -0.250200361013412
0.922576546669006  0.29265484213829  -0.0177445821464062  -0.00546095753088593  -0.250721007585526
0.925168812274933  0.283472925424576  -0.0152457887306809  -0.00737104984000325  -0.251831382513046
0.925168812274933  0.283472925424576  -0.0152457887306809  -0.00737104984000325  -0.251831382513046
0.928628206253052  0.264638990163803  -0.0174986217170954  -0.00708710355684161  -0.259344220161438
0.929064631462097  0.271454721689224  -0.0143456580117345  -0.0057443636469543  -0.250823438167572
0.932260394096375  0.265059143304825  -0.0157581474632025  -0.00945371389389038  -0.245553463697433
0.935833513736725  0.27635446190834  -0.0136637138202786  -0.00676613766700029  -0.21820031106472
0.921884894371033  0.295948207378387  -0.0135957011952996  -0.00744294002652168  -0.249604895710945
0.922355115413666  0.288711786270142  -0.0180042143911123  -0.00723715545609593  -0.255988359451294
0.926026165485382  0.2799212038517  -0.019620331004262  -0.000909324968233705  -0.25245589017868
0.924724161624908  0.281750291585922  -0.0180009584873915  -0.00447814539074898  -0.255260407924652
0.929109752178192  0.283518761396408  -0.0135419582948089  -0.00774267083033919  -0.236915439367294
0.930938005447388  0.271339923143387  -0.0195629429072142  -0.00107762881089002  -0.243608713150024
0.929043889045715  0.268326938152313  -0.0172297451645136  -0.005282630212605  -0.254073292016983
0.930884480476379  0.271237581968307  -0.0158750806003809  -0.00620397692546248  -0.244118317961693
0.933125793933868  0.268327325582504  -0.0118538038805127  -0.00906868651509285  -0.23885951936245
0.93180638551712  0.269316583871841  -0.0130647467449307  -0.00831438601016998  -0.242828547954559
0.927409946918488  0.262512028217316  -0.0223068557679653  0.000796031497884542  -0.26551815867424
0.926356315612793  0.280205756425858  -0.0136690316721797  -0.0052357860840857  -0.251265734434128
0.933568835258484  0.253824412822723  -0.0151394931599498  -0.00507589196786284  -0.252522349357605
0.927504181861877  0.26627779006958  -0.0197961945086718  0.00015147149679251  -0.261610716581345
0.929121792316437  0.269505649805069  -0.016586896032095  -0.00420784438028932  -0.252599537372589
0.928735077381134  0.274176925420761  -0.0156747959554195  -0.00557062961161137  -0.249000772833824
0.927323460578918  0.27963250875473  -0.0156132830306888  -0.00900552328675985  -0.248096615076065
0.93162477016449  0.266040444374084  -0.0139133594930172  -0.00550913717597723  -0.247131183743477
0.926577270030975  0.283154010772705  -0.0134230684489012  -0.00935316365212202  -0.247003555297852
0.925628423690796  0.276814609766006  -0.016536558046937  -0.00479698227718472  -0.257467031478882
0.927171647548676  0.279273688793182  -0.0172024313360453  -0.004058797378093  -0.249091327190399
0.93055522441864  0.279562175273895  -0.0116685153916478  -0.0118161840364337  -0.23587341606617
0.927737593650818  0.278234124183655  -0.0127608608454466  -0.0102947652339935  -0.248233810067177
0.926356315612793  0.280205756425858  -0.0136690316721797  -0.0052357860840857  -0.251265734434128
0.930204391479492  0.270244866609573  -0.0189445670694113  -0.00512347603216767  -0.247593253850937
0.928906440734863  0.262753665447235  -0.0195375792682171  -0.000687935273163021  -0.260213851928711
0.925130307674408  0.28674903512001  -0.0137801198288798  -0.0113956490531564  -0.248171731829643
0.921133577823639  0.280792474746704  -0.0213517639786005  0.00571488821879029  -0.26866352558136
0.92888355255127  0.268856108188629  -0.0160568058490753  -0.00364350154995918  -0.254205942153931
0.928565144538879  0.266669034957886  -0.0191816668957472  -1.36736798594939e-05  -0.257461398839951
0.924907982349396  0.284845858812332  -0.0197506621479988  -0.00452923448756337  -0.250992923974991
0.931191742420197  0.265148639678955  -0.0170395914465189  -0.0043227793648839  -0.249537631869316
0.927044630050659  0.27918404340744  -0.0155490403994918  -0.00325499451719224  -0.249784171581268
0.930658102035522  0.268917888402939  -0.0139771532267332  -0.0101624373346567  -0.247507408261299
0.933327674865723  0.270145833492279  -0.0121187642216682  -0.0103743262588978  -0.235936850309372
0.934037268161774  0.262902945280075  -0.0164697635918856  -0.00949071533977985  -0.241029307246208
0.93005895614624  0.263957411050797  -0.0213753990828991  0.000637967837974429  -0.254675149917603
0.929699301719666  0.274405151605606  -0.0149059919640422  -0.00901948940008879  -0.245066314935684
0.927773892879486  0.275818824768066  -0.0180717967450619  -0.00631118938326836  -0.25058525800705
0.931212425231934  0.2671118080616  -0.0162917748093605  -0.00814213044941425  -0.247311726212502
0.929625928401947  0.277467161417007  -0.0143109373748302  -0.0107644610106945  -0.241840705275536
0.92369145154953  0.277757108211517  -0.0208492260426283  0.00131408730521798  -0.263075649738312
0.928238272666931  0.277122169733047  -0.0137449083849788  -0.0073442505672574  -0.247657462954521
0.928928554058075  0.268257170915604  -0.0168186780065298  -0.0076911523938179  -0.254534214735031
0.925799250602722  0.284766525030136  -0.0169340688735247  -0.00747953774407506  -0.247913658618927
0.929092347621918  0.267764806747437  -0.0164560098201036  -0.00488915760070086  -0.254548162221909
0.92635440826416  0.276592761278152  -0.0181373860687017  -0.000916300457902253  -0.255018055438995
0.932830154895782  0.248110994696617  -0.0224983468651772  0.00314909243024886  -0.260293245315552
0.921962797641754  0.294911950826645  -0.0226569063961506  0.00193412590306252  -0.249988734722137
0.92886346578598  0.268663197755814  -0.0201840214431286  0.00167269760277122  -0.254209756851196
0.926101267337799  0.279145032167435  -0.023077143356204  0.00201697996817529  -0.252740770578384
0.928647100925446  0.269130796194077  -0.0171657335013151  -0.0028771769721061  -0.25471630692482
0.928060114383698  0.274184376001358  -0.0150004187598825  -0.00596549082547426  -0.251528859138489
0.941419303417206  0.256880074739456  -0.00876818597316742  -0.0138511573895812  -0.217884212732315
0.934281587600708  0.268385887145996  -0.00963834952563047  -0.01340994797647  -0.23412424325943
0.927628040313721  0.275683552026749  -0.0215812865644693  0.000451521365903318  -0.25107529759407
0.924176692962646  0.291681796312332  -0.0147558366879821  -0.0140597401186824  -0.245771676301956
0.932259798049927  0.266852706670761  -0.0123490877449512  -0.00874044932425022  -0.243828296661377
0.927626013755798  0.273936063051224  -0.0154707664623857  -0.00383832375518978  -0.253406673669815
0.922069251537323  0.295029073953629  -0.0152174718677998  -0.00677237519994378  -0.249937325716019
0.928428649902344  0.280152767896652  -0.0184860769659281  -0.00119954475667328  -0.243293136358261
0.930017709732056  0.265657305717468  -0.0169346891343594  -0.00159413041546941  -0.253384739160538
0.935061514377594  0.249735981225967  -0.0227258428931236  0.00358707481063902  -0.250524818897247
0.931081056594849  0.260755717754364  -0.0163193251937628  -0.00906737707555294  -0.25445231795311
0.926927208900452  0.277570635080338  -0.0155396340414882  -0.00534417573362589  -0.251973062753677
0.927900493144989  0.278629630804062  -0.0163816325366497  -0.00934698060154915  -0.247003138065338
0.897615313529968  0.323238641023636  -0.0238862372934818  -0.00318364263512194  -0.298701912164688
0.928248107433319  0.276477247476578  -0.0144639825448394  -0.0109487855806947  -0.248166710138321
0.928278863430023  0.279121607542038  -0.0133198294788599  -0.00817202124744654  -0.245245233178139
0.9236661195755  0.26673749089241  -0.0167233999818563  -0.00764758186414838  -0.2745061814785
0.927847325801849  0.278322398662567  -0.0158033259212971  -0.00483023840934038  -0.247715383768082
0.929501891136169  0.275759637355804  -0.0114754177629948  -0.00872270483523607  -0.244489371776581
0.930380523204803  0.25017911195755  -0.0243423022329807  0.00647474452853203  -0.266773551702499
0.92494797706604  0.279629737138748  -0.0211866833269596  -0.001855049864389  -0.256566017866135
0.925425112247467  0.283668041229248  -0.015387499704957  -0.00885009951889515  -0.250610709190369
0.927216172218323  0.271846234798431  -0.0178112760186195  -0.00616634823381901  -0.256932884454727
0.928441762924194  0.275818467140198  -0.0145639963448048  -0.00538923963904381  -0.248352691531181
0.932498693466187  0.263357400894165  -0.0138328522443771  -0.0119543047621846  -0.246484860777855
0.927867114543915  0.26993864774704  -0.0175608955323696  -0.000835380633361638  -0.256684243679047
0.93339604139328  0.265218317508698  -0.0126679167151451  -0.00693519180640578  -0.241293266415596
0.928353428840637  0.272960662841797  -0.00660470081493258  -0.0129267182201147  -0.251876294612885
0.92689460515976  0.27538213133812  -0.0152242667973042  -0.00712187122553587  -0.254457414150238
0.930376350879669  0.266979813575745  -0.0166901182383299  -0.0063644046895206  -0.250604212284088
0.927700281143188  0.279348611831665  -0.0191773530095816  -0.00510294921696186  -0.246865719556808
0.930719673633575  0.273384720087051  -0.0131056271493435  -0.00863997358828783  -0.242436081171036
0.927660465240479  0.270866274833679  -0.016529968008399  -0.0057434244081378  -0.25645923614502
0.928670287132263  0.276596933603287  -0.0145406480878592  -0.00473335385322571  -0.246641084551811
0.928678154945374  0.275907784700394  -0.0151630155742168  -0.00831956788897514  -0.247250154614449
0.929514706134796  0.278057247400284  -0.0119892209768295  -0.0132669685408473  -0.241592362523079
0.935408651828766  0.258111447095871  -0.0112445037811995  -0.0148574318736792  -0.240919157862663
0.928983628749847  0.260383933782578  -0.0172024220228195  -0.00479870568960905  -0.262432157993317
0.93304842710495  0.268206775188446  -0.0162462461739779  -0.0074710906483233  -0.239094123244286
0.929199993610382  0.259973138570786  -0.021345280110836  0.00156325998250395  -0.261807501316071
0.926577866077423  0.283154189586639  -0.0133696077391505  -0.00935317017138004  -0.247003734111786
0.930022299289703  0.261545300483704  -0.0182172246277332  -0.00419550435617566  -0.25749409198761
0.93304842710495  0.268206775188446  -0.0162462461739779  -0.0074710906483233  -0.239094123244286
0.930527806282043  0.272686868906021  -0.0108507145196199  -0.013639991171658  -0.243836104869843
0.922310054302216  0.283036828041077  -0.0159190092235804  0.000819487380795181  -0.262640982866287
0.926058530807495  0.273446261882782  -0.0208937115967274  0.000713042041752487  -0.259240686893463
0.931673288345337  0.258006900548935  -0.0199669171124697  -0.00011697479931172  -0.25498765707016
0.92667144536972  0.283694893121719  -0.0126347718760371  -0.00805336330085993  -0.246115565299988
0.93175858259201  0.262669712305069  -0.0140909627079964  -0.00978970807045698  -0.250072181224823
0.928934156894684  0.277534425258636  -0.0160804390907288  -0.00897537637501955  -0.244370192289352
0.932637870311737  0.273321866989136  -0.0172249302268028  -0.00434469850733876  -0.234874904155731
0.932316899299622  0.26468962430954  -0.0198637302964926  -0.00472690956667066  -0.245576113462448
0.927195847034454  0.27938786149025  -0.0167010240256786  -0.00362013443373144  -0.248914182186127
0.926831185817719  0.271672487258911  -0.0125090889632702  -0.00584062421694398  -0.258819341659546
0.927854716777802  0.277940958738327  -0.0139126293361187  -0.00940244179219007  -0.248097717761993
0.928613901138306  0.270938009023666  -0.0150343338027596  -0.00701105734333396  -0.252969741821289
0.922324776649475  0.290040612220764  -0.019893592223525  0.00124574091751128  -0.254550814628601
0.927531003952026  0.275924682617188  -0.0179406329989433  -0.0102800447493792  -0.251245379447937
0.921962797641754  0.294911950826645  -0.0226569063961506  0.00193412590306252  -0.249988734722137
0.923069477081299  0.28438800573349  -0.0225074589252472  0.00420142151415348  -0.257957220077515
0.928787767887115  0.274193614721298  -0.0127709163352847  -0.0114199062809348  -0.248752132058144
0.935061514377594  0.249735981225967  -0.0227258428931236  0.00358707481063902  -0.250524818897247
0.928750097751617  0.279767215251923  -0.0111570758745074  -0.0122439116239548  -0.242650553584099
0.930742084980011  0.261233329772949  -0.0193190649151802  -2.85206588159781e-05  -0.255153149366379
0.927729189395905  0.26701158285141  -0.015988701954484  -0.00282856146804988  -0.260307013988495
0.930896461009979  0.260799497365952  -0.0194694027304649  -0.00384346302598715  -0.254993468523026
0.927867114543915  0.26993864774704  -0.0175608955323696  -0.000835380633361638  -0.256684243679047
0.934472501277924  0.259581595659256  -0.0180319920182228  -0.00848347786813974  -0.242861106991768
0.928883969783783  0.276353925466537  -0.0167051330208778  -0.0059618060477078  -0.245943978428841
0.932116568088531  0.266383022069931  -0.0125065725296736  -0.0105007644742727  -0.244810536503792
0.934362709522247  0.264060109853745  -0.0123126078397036  -0.0136321373283863  -0.238539829850197
0.930526256561279  0.258939921855927  -0.0188407301902771  -0.00316937128081918  -0.258275061845779
0.928621709346771  0.258446007966995  -0.0199114140123129  -0.00100662792101502  -0.265461832284927
0.928421914577484  0.278495818376541  -0.0161361414939165  -0.00900646764785051  -0.245216697454453
0.93304842710495  0.268206775188446  -0.0162462461739779  -0.0074710906483233  -0.239094123244286
0.92962259054184  0.273721605539322  -0.0116751911118627  -0.0101442942395806  -0.246250197291374
0.927390038967133  0.279730141162872  -0.0147608648985624  -0.00580738577991724  -0.247885197401047
0.927412807941437  0.273216605186462  -0.0175647418946028  -0.000817582826130092  -0.254850685596466
0.93144303560257  0.268291503190994  -0.0153506239876151  -0.00867235288023949  -0.245199531316757
0.925525665283203  0.274217396974564  -0.0180935058742762  0.0017370383720845  -0.260531425476074
0.925258874893188  0.270311802625656  -0.0230392385274172  0.00186762667726725  -0.265129029750824
0.928393304347992  0.277950823307037  -0.0187454465776682  -0.00771108688786626  -0.245801687240601
0.928004384040833  0.27245831489563  -0.0189515985548496  -0.00589683745056391  -0.253338664770126
0.928003311157227  0.268518835306168  -0.0212916415184736  0.000229925470193848  -0.257398635149002
0.930049180984497  0.269124388694763  -0.0153075139969587  -0.00908268708735704  -0.249526828527451
0.927769780158997  0.254284054040909  -0.0214608162641525  0.0034187501296401  -0.27223265171051
0.92869645357132  0.278409689664841  -0.0144727863371372  -0.00715234410017729  -0.244439005851746
0.930368721485138  0.267792552709579  -0.0138983028009534  -0.0111988466233015  -0.249764978885651
0.937642991542816  0.254706770181656  -0.0167129095643759  -0.00873812008649111  -0.23578454554081
0.930853545665741  0.276389002799988  -0.0157886575907469  -0.00721617601811886  -0.238368436694145
0.922044813632965  0.297783821821213  -0.0156980268657207  -0.00682081328704953  -0.246708661317825
0.92887943983078  0.277157843112946  -0.0144682107493281  -0.00727833202108741  -0.245161607861519
0.926397502422333  0.282070398330688  -0.0172584801912308  -0.00851695146411657  -0.248703628778458
0.938666105270386  0.233949959278107  -0.0169601459056139  -0.00633774884045124  -0.252676695585251
0.928619623184204  0.274430721998215  -0.0119683444499969  -0.0132992779836059  -0.249064743518829
0.928313791751862  0.268442630767822  -0.0187874659895897  -0.00456714211031795  -0.256511896848679
0.918087840080261  0.305917620658875  -0.015578243881464  -0.00447183335199952  -0.251528382301331
0.925258874893188  0.270311802625656  -0.0230392385274172  0.00186762667726725  -0.265129029750824
0.914878606796265  0.277891963720322  -0.0251305866986513  0.00302289961837232  -0.291774570941925
0.932503879070282  0.277392983436584  -0.012524139136076  -0.0128332879394293  -0.230582237243652
0.93005096912384  0.264957517385483  -0.0183125436306  -0.00599157530814409  -0.253833621740341
0.930124044418335  0.271006941795349  -0.0139760160818696  -0.00772737665101886  -0.247324928641319
0.930359840393066  0.261719912290573  -0.0178291406482458  -0.00628309464082122  -0.256077587604523
0.928261518478394  0.273788839578629  -0.0145902242511511  -0.00599889177829027  -0.251239836215973
0.924377202987671  0.278550535440445  -0.0217532254755497  -0.00246573821641505  -0.25972506403923
0.931930065155029  0.267334967851639  -0.0171038005501032  -0.00596335297450423  -0.244357153773308
0.931674361228943  0.257537364959717  -0.0196038950234652  -0.0015942775644362  -0.255481034517288
0.928928136825562  0.276901662349701  -0.0130745237693191  -0.00749542191624641  -0.245338246226311
0.93154114484787  0.271737605333328  -0.0151553563773632  -0.00735632423311472  -0.241051882505417
0.925029814243317  0.26148647069931  -0.0236469898372889  0.00284444121643901  -0.274549514055252
0.924377202987671  0.278550535440445  -0.0217532254755497  -0.00246573821641505  -0.25972506403923
0.931914389133453  0.25933375954628  -0.0173300132155418  -0.00421697553247213  -0.252909868955612
0.927812218666077  0.273129135370255  -0.01710563339293  -0.00429126061499119  -0.253483593463898
0.926735997200012  0.267286032438278  -0.0205408278852701  0.00039814313640818  -0.263242572546005
0.928938031196594  0.271303236484528  -0.0132987499237061  -0.00743589084595442  -0.251468867063522
0.930737316608429  0.270371198654175  -0.013387493789196  -0.0100481985136867  -0.245656818151474
0.9268479347229  0.278534263372421  -0.0161658991128206  -0.00585440220311284  -0.251149207353592
0.92638897895813  0.278562366962433  -0.0190557464957237  -0.00313365506008267  -0.25265309214592
0.92610889673233  0.267502337694168  -0.0212350450456142  -0.00105988746508956  -0.265165388584137
0.925295531749725  0.273771226406097  -0.0203098896890879  0.00152042752597481  -0.261653751134872
0.921711206436157  0.299859791994095  -0.0225217789411545  -0.00204158597625792  -0.2449921220541
0.933599829673767  0.263307571411133  -0.0136049967259169  -0.0101047297939658  -0.242431730031967
0.925168812274933  0.283472925424576  -0.0152457887306809  -0.00737104984000325  -0.251831382513046
0.93107658624649  0.273140102624893  -0.0119392303749919  -0.00944856088608503  -0.241369098424911
0.928949058055878  0.268606573343277  -0.0169924907386303  -0.00225013284943998  -0.254185795783997
0.928612947463989  0.27295133471489  -0.0162047818303108  -0.00385823450051248  -0.250794917345047
0.92889791727066  0.264964759349823  -0.018962437286973  -0.000392751157050952  -0.258036285638809
0.934309542179108  0.266937673091888  -0.0127330087125301  -0.0105246501043439  -0.235662952065468
0.932699859142303  0.26228854060173  -0.0155921373516321  -0.00767905497923493  -0.24692839384079
0.932017385959625  0.27136018872261  -0.0130460392683744  -0.00923232361674309  -0.239691108465195
0.92633455991745  0.261945396661758  -0.0206046644598246  0.00496432604268193  -0.269888430833817
0.928021788597107  0.276961088180542  -0.0127005716785789  -0.00794312730431557  -0.248684093356133
0.923725187778473  0.289100646972656  -0.0220154002308846  -0.00059971323935315  -0.25033500790596
0.924624919891357  0.265220135450363  -0.0214171428233385  0.00610960135236382  -0.272453665733337
0.928444862365723  0.271917223930359  -0.0122825168073177  -0.00770907057449222  -0.2526675760746
0.930636703968048  0.272445440292358  -0.0143093103542924  -0.00846981815993786  -0.24374632537365
0.922310054302216  0.283036828041077  -0.0159190092235804  0.000819487380795181  -0.262640982866287
0.926802635192871  0.270629912614822  -0.0205226074904203  -0.000319346494507045  -0.25956717133522
0.931691348552704  0.269410401582718  -0.0166249182075262  -0.00820719171315432  -0.242951691150665
0.927619159221649  0.269563496112823  -0.0169878136366606  -0.00518313236534595  -0.257958889007568
0.92763614654541  0.266442149877548  -0.0212688539177179  0.00251963897608221  -0.260846942663193
0.926884174346924  0.278192073106766  -0.0180041957646608  -0.00347116915509105  -0.251314133405685
0.926017284393311  0.276321560144424  -0.017044834792614  -0.00745122088119388  -0.25650018453598
0.931930065155029  0.267334967851639  -0.0171038005501032  -0.00596335297450423  -0.244357153773308
0.934547007083893  0.260693192481995  -0.0153638320043683  -0.0084364078938961  -0.24156554043293
0.931759774684906  0.259250611066818  -0.0173827931284904  -0.000632628449238837  -0.253594934940338
0.92582094669342  0.280449062585831  -0.0194453857839108  -0.00102524901740253  -0.252635508775711
0.933016121387482  0.265829622745514  -0.0121047971770167  -0.0151563975960016  -0.241741999983788
0.931189775466919  0.268279910087585  -0.0162549782544374  -0.00496349297463894  -0.24621669948101
0.929610371589661  0.270423412322998  -0.0147255528718233  -0.00805276911705732  -0.249828204512596
0.934908330440521  0.260499686002731  -0.0152941066771746  -0.0100717423483729  -0.240314498543739
0.93304306268692  0.263205617666245  -0.0152677735313773  -0.00887177791446447  -0.244625180959702
0.92693042755127  0.277571588754654  -0.0155396880581975  -0.00465937005355954  -0.251973927021027
0.931467711925507  0.262631326913834  -0.0156763717532158  -0.00919584557414055  -0.251122117042542
0.928774952888489  0.265616416931152  -0.0163318496197462  -0.00739767216145992  -0.257882922887802
0.92868959903717  0.273095279932022  -0.0172203667461872  -0.00494716037064791  -0.250266820192337
0.929490864276886  0.26801010966301  -0.0163014214485884  -0.00798676535487175  -0.252760350704193
0.93029648065567  0.270951747894287  -0.0143533740192652  -0.0105414874851704  -0.246610075235367
0.929283201694489  0.266420841217041  -0.0173849388957024  -0.00599463609978557  -0.255175113677979
0.928046643733978  0.272068232297897  -0.00898940209299326  -0.0100622046738863  -0.254020094871521
0.927352130413055  0.278764218091965  -0.012350189499557  -0.0078062079846859  -0.249188661575317
0.930030882358551  0.269589155912399  -0.0107500376179814  -0.0131864566355944  -0.249148041009903
0.926240742206573  0.278492897748947  -0.0140895862132311  -0.00595214543864131  -0.253546714782715
0.9233318567276  0.288137316703796  -0.0176443457603455  -0.0061037358827889  -0.253153443336487
0.927314758300781  0.280473828315735  -0.0134587502107024  -0.00774516630917788  -0.247347384691238
0.928285658359528  0.27447122335434  -0.00917627941817045  -0.0129013722762465  -0.250401377677917
0.92962259054184  0.273721605539322  -0.0116751911118627  -0.0101442942395806  -0.246250197291374
0.927927374839783  0.277629256248474  -0.0146834058687091  -0.0073564350605011  -0.248199820518494
0.9233318567276  0.288137316703796  -0.0176443457603455  -0.0061037358827889  -0.253153443336487
0.925366044044495  0.29232132434845  -0.021054320037365  -0.00016102111840155  -0.240421906113625
0.931610703468323  0.254529029130936  -0.0196543466299772  0.00130691251251847  -0.258705049753189
0.928488671779633  0.273058652877808  -0.0126347932964563  -0.00595497619360685  -0.251302093267441
0.929991722106934  0.274094343185425  -0.0177134033292532  -0.0123743200674653  -0.243968844413757
0.934380173683167  0.262192606925964  -0.0159407611936331  -0.00527765043079853  -0.240638375282288
0.928754508495331  0.280757009983063  -0.011979416012764  -0.0132561177015305  -0.241394773125648
0.92506617307663  0.297392785549164  -0.0187783092260361  -0.00595604721456766  -0.235419005155563
0.933535218238831  0.259001493453979  -0.0165891963988543  -0.00619682669639587  -0.247217610478401
0.928327620029449  0.270888715982437  -0.018229903653264  -0.000823777460027486  -0.253956705331802
0.928635597229004  0.265890598297119  -0.020995270460844  3.37478304572869e-05  -0.257870614528656
0.929790556430817  0.258025288581848  -0.0226889308542013  0.00349666853435338  -0.261506021022797
0.931827902793884  0.261450380086899  -0.0160462930798531  -0.0111870402470231  -0.250914096832275
0.935472011566162  0.259006172418594  -0.010295519605279  -0.0135327894240618  -0.239830583333969
0.927514612674713  0.280002772808075  -0.0171151012182236  -0.00458896532654762  -0.246983975172043
0.926751255989075  0.28473237156868  -0.0183501373976469  -0.00728454859927297  -0.244274333119392
0.9320148229599  0.259451508522034  -0.016909871250391  -0.00536502711474895  -0.252425104379654
0.9260613322258  0.279103934764862  -0.0187495797872543  -0.00553813995793462  -0.253237456083298
0.928463876247406  0.277984082698822  -0.0138435168191791  -0.00615133158862591  -0.245866343379021
0.927847564220428  0.267157018184662  -0.0264225620776415  0.00335902348160744  -0.258875727653503
0.930060565471649  0.27314019203186  -0.0159572754055262  -0.00466936081647873  -0.245163887739182
0.929621160030365  0.278916597366333  -0.0136345010250807  -0.00940270442515612  -0.240282744169235
0.929486036300659  0.259687006473541  -0.0191009286791086  -0.00199837703257799  -0.261246144771576
0.930662631988525  0.264977842569351  -0.0149931563064456  -0.00773867452517152  -0.251732587814331
0.933392345905304  0.26695927977562  -0.0173877105116844  -0.003895333269611  -0.239152356982231
0.926055431365967  0.284319669008255  -0.0114800045266747  -0.0093355281278491  -0.247719064354897
0.928545594215393  0.273066580295563  -0.0147493211552501  -0.00674598990008235  -0.250947713851929
0.929054379463196  0.276303052902222  -0.0148157142102718  -0.0103999981656671  -0.245329976081848
0.93004709482193  0.267057299613953  -0.0171042829751968  -0.00812497083097696  -0.251662880182266
0.925150632858276  0.285932928323746  -0.016715943813324  -0.00624649412930012  -0.249038487672806
0.929321229457855  0.266859173774719  -0.0188416931778193  -0.00109496084041893  -0.254542738199234
0.929746568202972  0.264789700508118  -0.0152593525126576  -0.0039796126075089  -0.255360871553421
0.921391904354095  0.291442573070526  -0.0181205477565527  -0.00660746917128563  -0.256371021270752
0.926943063735962  0.273056030273438  -0.011471358127892  -0.00928952358663082  -0.256902784109116
0.928448140621185  0.265678018331528  -0.0186730697751045  -0.00427290936931968  -0.258906006813049
0.929605901241302  0.26640048623085  -0.0160511657595634  -0.00734291225671768  -0.254071116447449
0.931320607662201  0.269816249608994  -0.0157973375171423  -0.00836053676903248  -0.243970647454262
0.924827933311462  0.28437802195549  -0.0181764792650938  -0.00488207209855318  -0.251928746700287
0.93001252412796  0.272968202829361  -0.0128953661769629  -0.0115202749148011  -0.245491459965706
0.931916892528534  0.264021217823029  -0.014968479052186  -0.00832080654799938  -0.248053446412086
0.926446139812469  0.284359365701675  -0.0144367702305317  -0.0107255727052689  -0.245995417237282
0.925548195838928  0.28509995341301  -0.0154633382335305  -0.0099461767822504  -0.248476460576057
0.931636035442352  0.270222961902618  -0.0127489538863301  -0.0103261303156614  -0.242414236068726
0.922044813632965  0.297783821821213  -0.0156980268657207  -0.00682081328704953  -0.246708661317825
0.930944621562958  0.26519763469696  -0.016451071947813  -0.00803105998784304  -0.250354111194611
0.941419303417206  0.256880074739456  -0.00876818597316742  -0.0138511573895812  -0.217884212732315
0.928718507289886  0.27511727809906  -0.0144943073391914  -0.00673259841278195  -0.248066574335098
0.927840411663055  0.266933768987656  -0.0195942744612694  -0.0047462317161262  -0.259715378284454
0.929627656936646  0.26664787530899  -0.0203140582889318  -0.00137667963281274  -0.253528475761414
0.931128084659576  0.269602209329605  -0.013948330655694  -0.00867523346096277  -0.245041504502296
0.926576554775238  0.270041167736053  -0.0180893428623676  -0.0026972652412951  -0.261149853467941
0.925911664962769  0.279498428106308  -0.0172451175749302  -0.00832471251487732  -0.253380060195923
0.902717053890228  0.315121501684189  -0.0179237816482782  -0.0106350453570485  -0.292174458503723
0.929538488388062  0.270343095064163  -0.0146151669323444  -0.0083752041682601  -0.250178158283234
0.922655165195465  0.271280854940414  -0.0210965685546398  0.00683929910883307  -0.273171126842499
0.926905512809753  0.27369225025177  -0.0169370640069246  -0.00808169320225716  -0.256098508834839
0.927619159221649  0.269563496112823  -0.0169878136366606  -0.00518313236534595  -0.257958889007568
0.927891135215759  0.278664708137512  -0.0130033614113927  -0.0119435731321573  -0.247087717056274
0.931722581386566  0.261148035526276  -0.00739436503499746  -0.0196246057748795  -0.251505345106125
0.929008901119232  0.268940687179565  -0.0196473486721516  0.000395231298170984  -0.253430873155594
0.932626366615295  0.268842458724976  -0.0145489033311605  -0.00909413583576679  -0.24007810652256
0.932273924350739  0.269816547632217  -0.0100635392591357  -0.0146032525226474  -0.240312159061432
0.928621709346771  0.258446007966995  -0.0199114140123129  -0.00100662792101502  -0.265461832284927
0.927121996879578  0.274492770433426  -0.0168357528746128  -0.00894549116492271  -0.254430860280991
0.929746568202972  0.264789700508118  -0.0152593525126576  -0.0039796126075089  -0.255360871553421
0.927639961242676  0.274030208587646  -0.0219717677682638  0.00145959795918316  -0.252797484397888
0.933599829673767  0.263307571411133  -0.0136049967259169  -0.0101047297939658  -0.242431730031967
0.929175794124603  0.281255751848221  -0.0130347441881895  -0.0105549460276961  -0.239261955022812
0.916707456111908  0.294377535581589  -0.0203928146511316  -0.00290153059177101  -0.269378811120987
0.926681101322174  0.276363521814346  -0.0135355172678828  -0.00408551376312971  -0.25433361530304
0.921721696853638  0.284234493970871  -0.0149974524974823  0.00114090600982308  -0.263464480638504
0.925876021385193  0.286167144775391  -0.0234800800681114  0.00219976948574185  -0.245572254061699
0.931254208087921  0.267062991857529  -0.0111697092652321  -0.0134479040279984  -0.247259676456451
0.927876353263855  0.28413251042366  -0.015131751075387  -0.00874741841107607  -0.240849778056145
0.932648539543152  0.270815908908844  -0.0176327135413885  -0.00630934908986092  -0.237644076347351
0.929958522319794  0.271006762981415  -0.0125454077497125  -0.00925584137439728  -0.247970834374428
0.932507276535034  0.269834756851196  -0.0132456365972757  -0.00981798395514488  -0.239473298192024
0.928790390491486  0.26535353064537  -0.0199827458709478  -0.00141400925349444  -0.257943153381348
0.926994264125824  0.283778309822083  -0.0168973449617624  -0.0106060542166233  -0.244445338845253
0.932751059532166  0.258873015642166  -0.0174911562353373  -0.00184671487659216  -0.250301957130432
0.928509712219238  0.282861799001694  -0.0165327358990908  -0.00721370987594128  -0.239861652255058
0.930319905281067  0.265456855297089  -0.0162008292973042  -0.00861233379691839  -0.252390563488007
0.921033263206482  0.271053403615952  -0.0212043132632971  0.002352379495278  -0.278877377510071
0.922044813632965  0.297783821821213  -0.0156980268657207  -0.00682081328704953  -0.246708661317825
0.929820895195007  0.262458264827728  -0.0185174290090799  -0.00361961894668639  -0.257279425859451
0.933306217193604  0.2542365193367  -0.0195679478347301  -0.000393291295040399  -0.252824425697327
0.927897930145264  0.278558105230331  -0.0193538516759872  -0.00315861613489687  -0.247035071253777
0.9320268034935  0.265829592943192  -0.0145220151171088  -0.0109177390113473  -0.2456224411726
0.930189430713654  0.26915043592453  -0.0123674711212516  -0.00830097123980522  -0.24916635453701
0.929914236068726  0.270082235336304  -0.01738022826612  -0.0037044279742986  -0.248996615409851
0.928423941135406  0.280292749404907  -0.0143668279051781  -0.00646254001185298  -0.243344992399216
0.927938640117645  0.271582692861557  -0.0169203393161297  4.08070991397835e-05  -0.254728108644485
0.927626013755798  0.273936063051224  -0.0154707664623857  -0.00383832375518978  -0.253406673669815
0.928215205669403  0.272923916578293  -0.0142503269016743  -0.00605098344385624  -0.252367585897446
0.922705352306366  0.292176634073257  -0.0135074676945806  -0.0111299250274897  -0.250880777835846
0.925168812274933  0.283472925424576  -0.0152457887306809  -0.00737104984000325  -0.251831382513046
0.935291945934296  0.263688534498215  -0.0133543536067009  -0.0106766242533922  -0.235383063554764
0.929866194725037  0.27270096540451  -0.010248034261167  -0.0103108733892441  -0.246519207954407
0.927901208400726  0.272145718336105  -0.0202408209443092  -0.00274408329278231  -0.254005521535873
0.927673101425171  0.267833113670349  -0.0175740085542202  -0.00762181123718619  -0.259463340044022
0.93144291639328  0.270460307598114  -0.0160519033670425  -0.00805426761507988  -0.242781698703766
0.925410389900208  0.28549987077713  -0.0124585181474686  -0.00752904871478677  -0.248784080147743
0.935920596122742  0.246966049075127  -0.0080385934561491  -0.0153716932982206  -0.250518649816513
0.929442405700684  0.294512957334518  -0.00862167868763208  -0.0243919845670462  -0.220747634768486
0.93220978975296  0.253947377204895  -0.0225547906011343  -0.00200694589875638  -0.256871700286865
0.928996860980988  0.268028259277344  -0.0227500610053539  -0.0036105124745518  -0.254155725240707
0.93004709482193  0.267057299613953  -0.0171042829751968  -0.00812497083097696  -0.251662880182266
0.927129089832306  0.284412622451782  -0.0180589891970158  -0.00362512283027172  -0.243314117193222
0.929331600666046  0.27245369553566  -0.0149084236472845  -0.00794124417006969  -0.248649418354034
0.921391904354095  0.291442573070526  -0.0181205477565527  -0.00660746917128563  -0.256371021270752
0.924368500709534  0.278925567865372  -0.0206267572939396  -0.00168037053663284  -0.259451597929001
0.918985247612  0.293094754219055  -0.0218813885003328  0.00203235121443868  -0.262828052043915
0.920504152774811  0.293985396623611  -0.0190336760133505  -0.0042319712229073  -0.25664085149765
0.930538356304169  0.266139507293701  -0.0142920156940818  -0.00630598608404398  -0.251045823097229
0.93164449930191  0.262869954109192  -0.017438031733036  -0.00509153679013252  -0.250215470790863
0.927647471427917  0.261138647794724  -0.0150856506079435  -0.00405539758503437  -0.266519606113434
0.9288449883461  0.280278265476227  -0.0167256686836481  -0.0069319480098784  -0.24158476293087
0.92967289686203  0.27188766002655  -0.00898161437362432  -0.0134702054783702  -0.248038545250893
0.927983105182648  0.277779132127762  -0.013479839079082  -0.00959416013211012  -0.247815027832985
0.929211795330048  0.270232379436493  -0.0138577139005065  -0.00551887974143028  -0.251629501581192
0.935567796230316  0.262524247169495  -0.0122378990054131  -0.0100035630166531  -0.235678240656853
0.9320148229599  0.259451508522034  -0.016909871250391  -0.00536502711474895  -0.252425104379654
0.930378019809723  0.274160832166672  -0.00899764057248831  -0.0134572479873896  -0.24283854663372
0.930804193019867  0.270615518093109  -0.0142491292208433  -0.00636728527024388  -0.245208323001862
0.932676732540131  0.265668392181396  -0.0216073952615261  0.0014622809831053  -0.243033543229103
0.928020179271698  0.277290612459183  -0.00701915705576539  -0.0169775597751141  -0.248094394803047
0.929163694381714  0.270218402147293  -0.013856996782124  -0.00551859382539988  -0.251821964979172
0.923883676528931  0.258485436439514  -0.0238241404294968  0.00932629220187664  -0.281015694141388
0.926669836044312  0.272901773452759  -0.0126268975436687  -0.00674551213160157  -0.258075058460236
0.9263716340065  0.271561592817307  -0.0195722337812185  0.000119435302622151  -0.260205268859863
0.92492014169693  0.283861756324768  -0.0157585553824902  -0.00682195788249373  -0.252290219068527
0.921590924263  0.295441746711731  -0.0197505913674831  0.00116512051317841  -0.250983744859695
0.925121247768402  0.283669710159302  -0.017920633777976  -0.00726981554180384  -0.251611053943634
0.931183099746704  0.259178549051285  -0.0177099611610174  -0.00693938182666898  -0.255661308765411
0.927835881710052  0.266196489334106  -0.0221066847443581  0.00272433832287788  -0.260315269231796
0.925809979438782  0.282429099082947  -0.0173898451030254  -0.00428597070276737  -0.250577121973038
0.931700587272644  0.268687337636948  -0.0130781186744571  -0.011722388677299  -0.243788182735443
0.925108134746552  0.284965664148331  -0.0165321677923203  -0.00643569603562355  -0.250309556722641
0.930421888828278  0.263050556182861  -0.0184307675808668  -0.00151286972686648  -0.254514217376709
0.928461074829102  0.267042726278305  -0.0168821401894093  -0.00582629069685936  -0.257544755935669
0.924430966377258  0.277831941843033  -0.0194178204983473  1.49050320032984e-05  -0.260498911142349
0.942119359970093  0.253883302211761  -0.00703090941533446  -0.0162019841372967  -0.21827144920826
0.930795431137085  0.26573833823204  -0.0147523805499077  -0.0115667497739196  -0.250302910804749
0.927136600017548  0.28085646033287  -0.0117998644709587  -0.00906011182814837  -0.24762062728405
0.930770397186279  0.26713964343071  -0.015579292550683  -0.00974052399396896  -0.248928278684616
0.931035101413727  0.26394134759903  -0.0161445420235395  -0.0105944396927953  -0.25126838684082
0.920284807682037  0.300040543079376  -0.0191736537963152  -0.00244552083313465  -0.250355750322342
0.932637512683868  0.27080100774765  -0.017594825476408  -0.00634363805875182  -0.237706199288368
0.929556906223297  0.264303475618362  -0.0169029738754034  -0.00639356905594468  -0.256400346755981
0.927789032459259  0.274719059467316  -0.0142233511433005  -0.00720502762123942  -0.25195786356926
0.927309393882751  0.270019382238388  -0.0153312664479017  -0.000751049432437867  -0.258749306201935
0.930304229259491  0.268432676792145  -0.0137741900980473  -0.00920392572879791  -0.249406337738037
0.920634627342224  0.301893949508667  -0.0225076973438263  0.00331854424439371  -0.246524482965469
0.928663313388824  0.264473855495453  -0.0194636173546314  -0.0053846943192184  -0.259288012981415
0.905587732791901  0.311551809310913  -0.015701238065958  -0.0127264307811856  -0.287119835615158
0.92796379327774  0.277959257364273  -0.011423054151237  -0.0134585993364453  -0.24760927259922
0.930441975593567  0.272822767496109  -0.0135470032691956  -0.0075676697306335  -0.244140669703484
0.926712334156036  0.287974536418915  -0.0216927602887154  -0.00118972745258361  -0.240422114729881
0.933026969432831  0.255743473768234  -0.0224246010184288  0.00163172278553247  -0.252091884613037
0.927273750305176  0.275938868522644  -0.0196889359503984  -0.00262790964916348  -0.252243012189865
0.932221829891205  0.268224567174911  -0.0120503483340144  -0.0136138601228595  -0.242254987359047
0.928662121295929  0.273533403873444  -0.0141004277393222  -0.006663853302598  -0.250045448541641
0.945010721683502  0.243667677044868  -0.013209885917604  -0.00615876680240035  -0.217642933130264
0.927092373371124  0.271790772676468  -0.0182303432375193  -0.00503725139424205  -0.257433235645294
0.928488671779633  0.273058652877808  -0.0126347932964563  -0.00595497619360685  -0.251302093267441
0.92886745929718  0.280520915985107  -0.0147966500371695  -0.0115688778460026  -0.241165101528168
0.930562615394592  0.268539816141129  -0.0167191717773676  -0.00594454212114215  -0.248243272304535
0.928261280059814  0.276896148920059  -0.017207195982337  -0.00487359240651131  -0.247668370604515
0.93304842710495  0.268206775188446  -0.0162462461739779  -0.0074710906483233  -0.239094123244286
0.927788138389587  0.273220360279083  -0.0182679705321789  -0.0018964761402458  -0.253421694040298
0.930439889431  0.276399880647659  -0.0138070434331894  -0.0075786137022078  -0.2400763630867
0.931281626224518  0.266081392765045  -0.0179345700889826  -0.00483419978991151  -0.24813312292099
0.930415153503418  0.269091159105301  -0.0132759269326925  -0.00755604403093457  -0.248363330960274
0.926905930042267  0.269915074110031  -0.0204673372209072  -0.00244164722971618  -0.25993549823761
0.913295447826385  0.318589925765991  -0.0175438653677702  -0.00607377011328936  -0.253075420856476
0.927493810653687  0.280026972293854  -0.0182619616389275  -0.00222302856855094  -0.246985077857971
0.923237979412079  0.298155754804611  -0.0218678414821625  -0.0008798674098216  -0.241362437605858
0.928604006767273  0.276286691427231  -0.0145456800237298  -0.00862528011202812  -0.247132271528244
0.930872797966003  0.260223865509033  -0.0194380935281515  -0.000260454165982082  -0.255697667598724
0.928442299365997  0.255434900522232  -0.0199699476361275  0.0019289959454909  -0.268971115350723
0.931508004665375  0.262725174427032  -0.017073217779398  -0.00708795757964253  -0.250851899385452
0.929421246051788  0.273601710796356  -0.0150937857106328  -0.00592774525284767  -0.247093871235847
0.928577065467834  0.273927509784698  -0.0156247271224856  -0.0048148431815207  -0.249881908297539
0.926351189613342  0.27437087893486  -0.0188078694045544  -0.00377010740339756  -0.257344424724579
0.926712334156036  0.287974536418915  -0.0216927602887154  -0.00118972745258361  -0.240422114729881
0.93478387594223  0.258374631404877  -0.00855314824730158  -0.0124179683625698  -0.243298575282097
0.929695963859558  0.268699795007706  -0.0196883361786604  -0.00127044145483524  -0.251150459051132
0.927567780017853  0.269449651241302  -0.0175927691161633  -0.00203764555044472  -0.258265882730484
0.934649109840393  0.258872240781784  -0.0167393069714308  -0.0062524639070034  -0.243098422884941
0.931829929351807  0.260372430086136  -0.0211537424474955  -0.000932396273128688  -0.251894444227219
0.924845576286316  0.271994233131409  -0.0214376430958509  0.00348646496422589  -0.264967978000641
0.923243701457977  0.296308845281601  -0.0114385588094592  -0.00827926769852638  -0.244177415966988
0.929270267486572  0.268583953380585  -0.0158082097768784  -0.00440004467964172  -0.253081560134888
0.932975590229034  0.254071176052094  -0.0233425833284855  0.00433608144521713  -0.253851741552353
0.933577239513397  0.262993037700653  -0.00854210741817951  -0.0124019393697381  -0.242984518408775
0.927463889122009  0.275920301675797  -0.0147278485819697  -0.00877808313816786  -0.251763343811035
0.928711473941803  0.271243363618851  -0.0187301952391863  -0.00246722553856671  -0.252121478319168
0.927326381206512  0.284125596284866  -0.0165180042386055  -0.00688446685671806  -0.242936357855797
0.927619159221649  0.269563496112823  -0.0169878136366606  -0.00518313236534595  -0.257958889007568
0.929809868335724  0.269759744405746  -0.0175872538238764  -0.0037936307489872  -0.249719172716141
0.925386726856232  0.289544880390167  -0.0191424749791622  -0.00407197466120124  -0.243803739547729
0.926610469818115  0.280701398849487  -0.0146059831604362  -0.00831197574734688  -0.249634563922882
0.927746653556824  0.277853906154633  -0.0156609639525414  -0.00823828764259815  -0.2485361546278
0.93086040019989  0.262458890676498  -0.0181919727474451  -0.0066317399032414  -0.253454744815826
0.925070285797119  0.279209434986115  -0.0179938431829214  -0.00502261705696583  -0.256783932447433
0.927900493144989  0.278629630804062  -0.0163816325366497  -0.00934698060154915  -0.247003138065338
0.92492014169693  0.283861756324768  -0.0157585553824902  -0.00682195788249373  -0.252290219068527
0.925950229167938  0.271736055612564  -0.0172263421118259  -0.00278220535255969  -0.261669993400574
0.928888440132141  0.277586668729782  -0.0141565538942814  -0.0140697378665209  -0.244363397359848
0.925717890262604  0.288365006446838  -0.0152967106550932  -0.010798848234117  -0.244010850787163
0.925277054309845  0.282495826482773  -0.0168208684772253  -0.00698833353817463  -0.252441585063934
0.926665723323822  0.279886364936829  -0.0139865837991238  -0.00786975119262934  -0.250392913818359
0.92369145154953  0.277757108211517  -0.0208492260426283  0.00131408730521798  -0.263075649738312
0.925388216972351  0.283222436904907  -0.0150393126532435  -0.00848816055804491  -0.25128361582756
0.927365481853485  0.280407518148422  -0.0140169337391853  -0.0108087034896016  -0.247086048126221
0.929359614849091  0.270541459321976  -0.0151197602972388  -0.00783985294401646  -0.250615209341049
0.926240742206573  0.278492897748947  -0.0140895862132311  -0.00595214543864131  -0.253546714782715
0.920098602771759  0.296970069408417  -0.0164274629205465  -0.00465941429138184  -0.254824608564377
0.928278863430023  0.279121607542038  -0.0133198294788599  -0.00817202124744654  -0.245245233178139
0.922764182090759  0.291262626647949  -0.0158555563539267  -0.00790162105113268  -0.251711130142212
0.92887943983078  0.277157843112946  -0.0144682107493281  -0.00727833202108741  -0.245161607861519
0.929527282714844  0.268995404243469  -0.0173827651888132  -0.00524098565801978  -0.251576900482178
0.927149474620819  0.273821949958801  -0.0155387371778488  -0.00464737927541137  -0.255249470472336
0.929809868335724  0.269759744405746  -0.0175872538238764  -0.0037936307489872  -0.249719172716141
0.93005096912384  0.264957517385483  -0.0183125436306  -0.00599157530814409  -0.253833621740341
0.926954388618469  0.28005239367485  -0.0166282467544079  -0.00576809840276837  -0.249031007289886
0.926219761371613  0.271005302667618  -0.0216024834662676  0.00129058503080159  -0.261160343885422
0.927835881710052  0.266196489334106  -0.0221066847443581  0.00272433832287788  -0.260315269231796
0.928317129611969  0.268443584442139  -0.0184817146509886  -0.0050062034279108  -0.256512820720673
0.931785047054291  0.258359462022781  -0.021027073264122  -0.00260620005428791  -0.254122108221054
0.929159998893738  0.274839282035828  -0.0160090364515781  -0.00477458955720067  -0.246670007705688
0.927216112613678  0.274712949991226  -0.0194236598908901  -0.00233820173889399  -0.253811597824097
