0.876286804676056  0.473868101835251  -0.0290631838142872  -0.0370945110917091  -0.0731424540281296
0.873833477497101  0.478236645460129  -0.0293144509196281  -0.0373206995427608  -0.0738417059183121
0.876164793968201  0.474159419536591  -0.029046755284071  -0.0364924110472202  -0.0730239301919937
0.877124428749084  0.472388654947281  -0.0289894584566355  -0.0363000743091106  -0.0731001794338226
0.880077064037323  0.4667589366436  -0.0286739636212587  -0.0373478420078754  -0.0733709633350372
0.876344680786133  0.473802477121353  -0.0288969408720732  -0.0369386300444603  -0.0730181485414505
0.874518692493439  0.477160096168518  -0.0289593786001205  -0.036809403449297  -0.0730882883071899
0.872842192649841  0.480275452136993  -0.0288470219820738  -0.0369331054389477  -0.0727040693163872
0.876325190067291  0.473877936601639  -0.0289900377392769  -0.0362800024449825  -0.0730558708310127
0.876185476779938  0.474075436592102  -0.0290354210883379  -0.0368413291871548  -0.0731508061289787
0.876011371612549  0.474242657423019  -0.0289918445050716  -0.0368435941636562  -0.0741614103317261
0.87644898891449  0.473638504743576  -0.0289361644536257  -0.0366345383226871  -0.0729684233665466
0.876318871974945  0.473842889070511  -0.0290208403021097  -0.0370835512876511  -0.0729435235261917
0.876567125320435  0.473419010639191  -0.0289776958525181  -0.0366256460547447  -0.0729615986347198
0.876503109931946  0.47346168756485  -0.028857596218586  -0.0370946973562241  -0.0732644945383072
0.876338243484497  0.473858237266541  -0.0290249213576317  -0.0363911278545856  -0.0729582607746124
0.875729739665985  0.474939197301865  -0.0289913192391396  -0.036980003118515  -0.0729529485106468
0.876359403133392  0.473801404237747  -0.028964027762413  -0.0363185741007328  -0.0731337666511536
0.876241862773895  0.473930954933167  -0.0293818805366755  -0.0372736342251301  -0.0730539336800575
0.877205789089203  0.472295105457306  -0.0288104601204395  -0.0367265306413174  -0.0725843831896782
0.876336097717285  0.473789393901825  -0.0292674247175455  -0.0369511842727661  -0.0730522349476814
0.876430928707123  0.473634302616119  -0.0289741810411215  -0.0370674729347229  -0.0729775652289391
0.876472175121307  0.473566293716431  -0.0289677195250988  -0.0368473939597607  -0.0730383098125458
0.876203298568726  0.474030196666718  -0.0289838239550591  -0.036926843225956  -0.0732070356607437
0.876894652843475  0.472827911376953  -0.0288540739566088  -0.0368541963398457  -0.0727914869785309
0.876351594924927  0.47378733754158  -0.0289813559502363  -0.0369280762970448  -0.0730061903595924
0.875881850719452  0.474702656269073  -0.0290785450488329  -0.0370290912687778  -0.0726058110594749
0.876003086566925  0.474421977996826  -0.0288824085146189  -0.0370045490562916  -0.0730680078268051
0.875965714454651  0.474488824605942  -0.0289883837103844  -0.0369472689926624  -0.0730688720941544
0.87595272064209  0.474530577659607  -0.0289334412664175  -0.0369945429265499  -0.0729503929615021
0.876967012882233  0.472677499055862  -0.0289115309715271  -0.0368035584688187  -0.0729001387953758
0.876293778419495  0.473906069993973  -0.0289870575070381  -0.0368678011000156  -0.0729579627513885
0.876366853713989  0.473729401826859  -0.0290091950446367  -0.0369959436357021  -0.0731528103351593
0.87715482711792  0.472338765859604  -0.0288635957986116  -0.0368975587189198  -0.0728079080581665
0.876347959041595  0.473764538764954  -0.0290403254330158  -0.0369717068970203  -0.0731511935591698
0.876676738262177  0.473344415426254  -0.0289312489330769  -0.0368598476052284  -0.0720230862498283
0.876218259334564  0.474172532558441  -0.0289900097995996  -0.0368661247193813  -0.0721272155642509
0.876214265823364  0.474054098129272  -0.02890669927001  -0.0369281060993671  -0.0729517415165901
0.876414179801941  0.473620414733887  -0.0293751657009125  -0.036973025649786  -0.0731572881340981
0.879182577133179  0.468417793512344  -0.0291437152773142  -0.0370899625122547  -0.073468029499054
0.874651670455933  0.476818710565567  -0.0291338339447975  -0.0371100977063179  -0.0735018253326416
0.876333653926849  0.473844438791275  -0.0288906488567591  -0.0368386022746563  -0.0729321837425232
0.876403033733368  0.473673224449158  -0.0289820414036512  -0.0369218550622463  -0.0731323733925819
0.87557190656662  0.475174784660339  -0.0290848892182112  -0.0369587056338787  -0.073286384344101
0.876396536827087  0.473706275224686  -0.0289408266544342  -0.0368941649794579  -0.0730249732732773
0.876255512237549  0.473928093910217  -0.0290155503898859  -0.0370110981166363  -0.0731895789504051
0.876451432704926  0.473609954118729  -0.0289303455501795  -0.036865871399641  -0.0730094760656357
0.875666797161102  0.475042760372162  -0.0290626622736454  -0.0368163324892521  -0.0730879008769989
0.876353085041046  0.473767161369324  -0.0290049128234386  -0.0367549136281013  -0.0731961131095886
0.876006603240967  0.474404662847519  -0.0288878362625837  -0.0369171686470509  -0.0731785967946053
0.876382529735565  0.473769396543503  -0.0289049837738276  -0.0367640927433968  -0.0728631615638733
0.876222193241119  0.473990827798843  -0.0290212891995907  -0.0368900373578072  -0.0732407048344612
0.875420451164246  0.475445151329041  -0.0290578063577414  -0.0370442047715187  -0.0733092352747917
0.876227796077728  0.473998516798019  -0.029012767598033  -0.0369825959205627  -0.0730798617005348
0.876164972782135  0.474100798368454  -0.0290124677121639  -0.0367700643837452  -0.0732775703072548
0.876104593276978  0.474224716424942  -0.0290081184357405  -0.0369160324335098  -0.0731253251433372
0.876076757907867  0.474278062582016  -0.028994008898735  -0.0368463471531868  -0.0731542482972145
0.875986814498901  0.474457561969757  -0.0289421807974577  -0.0370019190013409  -0.073009118437767
0.875629603862762  0.475090980529785  -0.0290416404604912  -0.0369780026376247  -0.0731463059782982
0.876516997814178  0.473493427038193  -0.0289662778377533  -0.0365941002964973  -0.0731012597680092
0.876104593276978  0.474224716424942  -0.0290081184357405  -0.0369160324335098  -0.0731253251433372
0.876037895679474  0.474384516477585  -0.0289292391389608  -0.0369072481989861  -0.0729234516620636
0.872487783432007  0.480702102184296  -0.0294060949236155  -0.0373379662632942  -0.0737002566456795
0.876286685466766  0.47387820482254  -0.0290191266685724  -0.0368718802928925  -0.0732088759541512
0.876214385032654  0.47402161359787  -0.0290397275239229  -0.0368980765342712  -0.0731245577335358
0.879963576793671  0.467260181903839  -0.028598964214325  -0.0364267826080322  -0.0720211863517761
0.876473009586334  0.473526477813721  -0.0293138287961483  -0.0368248336017132  -0.0731597915291786
0.876221716403961  0.47402012348175  -0.0290142185986042  -0.0368637330830097  -0.0730716660618782
0.87640118598938  0.473675310611725  -0.0290246941149235  -0.0369475185871124  -0.0731093809008598
0.875832736492157  0.474731832742691  -0.0289773847907782  -0.0369852632284164  -0.0730696767568588
0.876197874546051  0.47411847114563  -0.0288882646709681  -0.0368001647293568  -0.0728015750646591
0.876002430915833  0.47447082400322  -0.0290022362023592  -0.0370173007249832  -0.072702445089817
0.876185476779938  0.474075436592102  -0.0290354210883379  -0.0368413291871548  -0.0731508061289787
0.872901856899261  0.479911983013153  -0.029480442404747  -0.0374068468809128  -0.0738811939954758
0.8764927983284  0.473523825407028  -0.0289660822600126  -0.0369110777974129  -0.0730350241065025
0.876157164573669  0.474124372005463  -0.028995530679822  -0.0369873531162739  -0.0731149241328239
0.876107931137085  0.474222451448441  -0.0290122255682945  -0.0368486456573009  -0.0731328651309013
0.876197278499603  0.474069595336914  -0.0289934445172548  -0.0370229557156563  -0.072972796857357
0.876885175704956  0.472862035036087  -0.0288442280143499  -0.0365952327847481  -0.0728195831179619
0.876096844673157  0.474324494600296  -0.0291783884167671  -0.0369479730725288  -0.0724851191043854
0.876184105873108  0.474086403846741  -0.0289806555956602  -0.0368537381291389  -0.0731126219034195
0.875695586204529  0.475021630525589  -0.0290041230618954  -0.0364958867430687  -0.0730661228299141
0.875219285488129  0.475805371999741  -0.0291298311203718  -0.0369979999959469  -0.0733695328235626
0.87610274553299  0.474224209785461  -0.0289991851896048  -0.0369726903736591  -0.0731267184019089
0.876403212547302  0.47371244430542  -0.0289701893925667  -0.0369804352521896  -0.0728493109345436
0.876459538936615  0.473588228225708  -0.028925709426403  -0.0370134525001049  -0.0729815065860748
0.876224935054779  0.474032580852509  -0.028915248811245  -0.0369254760444164  -0.0729617178440094
0.879347145557404  0.46837455034256  -0.0286488719284534  -0.0364986658096313  -0.072255551815033
0.876173496246338  0.474091291427612  -0.0290170945227146  -0.0369071401655674  -0.0731669589877129
0.876363158226013  0.473734170198441  -0.0288551617413759  -0.0373467467725277  -0.0730486735701561
0.876335084438324  0.473905324935913  -0.028958048671484  -0.0367445982992649  -0.0725380182266235
0.875820279121399  0.474718630313873  -0.0288854781538248  -0.0373235084116459  -0.0731695517897606
0.878211855888367  0.470452755689621  -0.0287695769220591  -0.0366725064814091  -0.0724260658025742
0.876120626926422  0.47428223490715  -0.0289917606860399  -0.0368501059710979  -0.0725979059934616
0.876060307025909  0.474302470684052  -0.0289950985461473  -0.0368546433746815  -0.0731875225901604
0.875426709651947  0.475578665733337  -0.0291208848357201  -0.0370289757847786  -0.0723455101251602
0.876151919364929  0.474123924970627  -0.0289859194308519  -0.0368930958211422  -0.0732324048876762
0.875323057174683  0.475662350654602  -0.0290965419262648  -0.037051398307085  -0.0730436369776726
0.875241994857788  0.475738435983658  -0.0291506201028824  -0.0370232760906219  -0.0735121890902519
0.874905705451965  0.476497262716293  -0.0288750641047955  -0.0367660112679005  -0.0728345215320587
0.875217318534851  0.475806444883347  -0.0291372314095497  -0.0370605699717999  -0.0733499526977539
0.875967383384705  0.474470376968384  -0.0290287900716066  -0.0369184724986553  -0.0731657445430756
0.876394212245941  0.473700672388077  -0.0289088282734156  -0.0370538793504238  -0.0730229169130325
0.87618488073349  0.474093496799469  -0.0290055964142084  -0.0370155163109303  -0.072964534163475
0.876101672649384  0.474231451749802  -0.0289969462901354  -0.0369022563099861  -0.0731285586953163
0.876286864280701  0.473915547132492  -0.0289808791130781  -0.0369027890264988  -0.0729628801345825
0.875710010528564  0.475012868642807  -0.029036283493042  -0.0370505265891552  -0.0726560577750206
0.876979053020477  0.472668051719666  -0.028353288769722  -0.036862026900053  -0.0730063319206238
0.876557290554047  0.473401665687561  -0.0289675947278738  -0.037183616310358  -0.0729135572910309
0.872869908809662  0.480213731527328  -0.0289449840784073  -0.0368127375841141  -0.0728015974164009
0.876306474208832  0.473894566297531  -0.0289678182452917  -0.0366451554000378  -0.0729999616742134
0.877047479152679  0.472545385360718  -0.0288178026676178  -0.0369065292179585  -0.0727738067507744
0.876775145530701  0.472994685173035  -0.0289490669965744  -0.037014938890934  -0.0730284154415131
0.876443266868591  0.473636537790298  -0.0289316698908806  -0.0368446186184883  -0.0729462280869484
0.876890063285828  0.472832262516022  -0.0288530886173248  -0.0369031168520451  -0.0727956146001816
0.876778364181519  0.473028033971786  -0.0289025846868753  -0.0368194170296192  -0.072890967130661
0.876338481903076  0.473777145147324  -0.0289580356329679  -0.0368961207568645  -0.0732541754841805
0.876428723335266  0.473650068044662  -0.0289463810622692  -0.0370463579893112  -0.0729234740138054
0.876424372196198  0.473660677671432  -0.0290102064609528  -0.0369707681238651  -0.072920948266983
0.876519739627838  0.473462015390396  -0.0289858635514975  -0.0370173566043377  -0.0730510652065277
0.876482248306274  0.473528414964676  -0.0289510171860456  -0.0370112098753452  -0.0730858072638512
0.876158475875854  0.474125623703003  -0.0290293134748936  -0.0369090288877487  -0.0731175169348717
0.87693053483963  0.472730457782745  -0.0289134215563536  -0.0368243269622326  -0.0729837194085121
0.876333892345428  0.473821133375168  -0.0290209390223026  -0.0369340851902962  -0.0729802325367928
0.877488434314728  0.471716314554214  -0.0288360118865967  -0.0370135009288788  -0.07277562469244
0.874186396598816  0.477716624736786  -0.0289987921714783  -0.0371000431478024  -0.0732636079192162
0.87644898891449  0.473638504743576  -0.0289361644536257  -0.0366345383226871  -0.0729684233665466
0.875991463661194  0.474431365728378  -0.0288472920656204  -0.037011407315731  -0.0731557756662369
0.873746037483215  0.478479415178299  -0.0291412584483624  -0.0371597111225128  -0.073452889919281
0.876628756523132  0.47329443693161  -0.0289131999015808  -0.0368791371583939  -0.0729268342256546
0.876329243183136  0.473796218633652  -0.0290637761354446  -0.0369266495108604  -0.0731845796108246
0.875429809093475  0.47541680932045  -0.0290828570723534  -0.0370517559349537  -0.0733677670359612
0.876369714736938  0.473723292350769  -0.0290846768766642  -0.0369198732078075  -0.0731659382581711
0.876002490520477  0.474411159753799  -0.0288729555904865  -0.0369918644428253  -0.0731531232595444
0.874687492847443  0.476864188909531  -0.0289989840239286  -0.036879014223814  -0.0729473605751991
0.876091063022614  0.474239468574524  -0.0290284417569637  -0.0369070544838905  -0.0731881633400917
0.875935971736908  0.474544197320938  -0.0287999827414751  -0.0372673533856869  -0.0729774609208107
0.876539289951324  0.473418951034546  -0.0289648342877626  -0.0370234102010727  -0.0731005817651749
0.876779615879059  0.473006099462509  -0.0289350412786007  -0.0369454436004162  -0.0729411765933037
0.87609851360321  0.474275082349777  -0.0289283562451601  -0.0369576178491116  -0.0728820785880089
0.874934196472168  0.476512789726257  -0.0288760047405958  -0.0367672108113766  -0.0723872855305672
0.876109480857849  0.474235057830811  -0.0289854537695646  -0.0369096472859383  -0.0730114504694939
0.875997066497803  0.474397569894791  -0.0288985949009657  -0.0372842960059643  -0.0731486231088638
0.876391172409058  0.473764061927795  -0.0289197489619255  -0.0366170331835747  -0.072862483561039
0.876567780971527  0.473381906747818  -0.0290422160178423  -0.0369772426784039  -0.0729903057217598
0.875158607959747  0.475968420505524  -0.0289955846965313  -0.0369376093149185  -0.0731193497776985
0.876299977302551  0.47394186258316  -0.0290054120123386  -0.0369341112673283  -0.0726081728935242
0.876402854919434  0.47372978925705  -0.0289293956011534  -0.0368316248059273  -0.0728332102298737
0.876477479934692  0.473561584949493  -0.0289528649300337  -0.0369032546877861  -0.0729829221963882
0.876306474208832  0.473894566297531  -0.0289678182452917  -0.0366451554000378  -0.0729999616742134
0.876290082931519  0.473976612091064  -0.0289682745933533  -0.0368624329566956  -0.0725518837571144
0.876221716403961  0.47402012348175  -0.0290142185986042  -0.0368637330830097  -0.0730716660618782
0.87538743019104  0.475541532039642  -0.0290421023964882  -0.0369671732187271  -0.0731222033500671
0.873850405216217  0.478332132101059  -0.0289463028311729  -0.0370330959558487  -0.0733110159635544
0.876214385032654  0.47402161359787  -0.0290397275239229  -0.0368980765342712  -0.0731245577335358
0.875862002372742  0.474662274122238  -0.0289934668689966  -0.0368322022259235  -0.0732408687472343
0.876118004322052  0.474226325750351  -0.0289653055369854  -0.0368422903120518  -0.0730094537138939
0.87612783908844  0.474177747964859  -0.0290073323994875  -0.0369177237153053  -0.0731516107916832
0.876120686531067  0.47419935464859  -0.0289922002702951  -0.0368451736867428  -0.0731390714645386
0.878896176815033  0.469123303890228  -0.0288151428103447  -0.0367753580212593  -0.0726776868104935
0.878169238567352  0.470514923334122  -0.0287813618779182  -0.0366654396057129  -0.0725374966859818
0.876281142234802  0.473914533853531  -0.0290220286697149  -0.0369444154202938  -0.0730001777410507
0.876179933547974  0.474083125591278  -0.0290204212069511  -0.036894615739584  -0.0731466710567474
0.87652462720871  0.473477840423584  -0.0289121121168137  -0.0369253754615784  -0.0729646012187004
0.878723382949829  0.469319701194763  -0.0289235785603523  -0.0370338074862957  -0.0733224228024483
0.87612521648407  0.474189281463623  -0.028989814221859  -0.0368888638913631  -0.073130302131176
0.876695334911346  0.473210990428925  -0.0288135409355164  -0.0367746613919735  -0.0727600380778313
0.876297116279602  0.473919749259949  -0.0289222002029419  -0.0368142016232014  -0.0728815123438835
0.876825869083405  0.472894072532654  -0.0289908684790134  -0.0369708947837353  -0.0730765834450722
0.876059710979462  0.474305808544159  -0.0290307216346264  -0.0369502156972885  -0.0731117203831673
0.876091063022614  0.474239468574524  -0.0290284417569637  -0.0369070544838905  -0.0731881633400917
0.876471698284149  0.473544776439667  -0.02897759526968  -0.036969069391489  -0.0731180384755135
0.877182245254517  0.472291439771652  -0.0288722608238459  -0.0366581715643406  -0.0729025900363922
0.876328527927399  0.473829507827759  -0.028925534337759  -0.0369020104408264  -0.073044665157795
0.875861465930939  0.474724352359772  -0.0288666281849146  -0.0367847010493279  -0.0729191154241562
0.876594185829163  0.473355203866959  -0.0290072336792946  -0.0368629209697247  -0.0729189366102219
0.876091063022614  0.474239468574524  -0.0290284417569637  -0.0369070544838905  -0.0731881633400917
0.874511897563934  0.477186113595963  -0.0289231967180967  -0.0368462987244129  -0.0729934573173523
0.876319706439972  0.473828464746475  -0.0290241111069918  -0.0368809066712856  -0.0731289982795715
0.874566555023193  0.477087259292603  -0.0289213303476572  -0.0368792377412319  -0.0729694366455078
0.876249015331268  0.473992586135864  -0.0289269927889109  -0.0368763320147991  -0.0729521885514259
0.875158846378326  0.475968718528748  -0.0290633663535118  -0.0369880050420761  -0.0730613842606544
0.876046538352966  0.4741590321064  -0.0289248991757631  -0.0370083265006542  -0.0742258653044701
0.875872850418091  0.474705636501312  -0.0290203876793385  -0.0368902385234833  -0.0727887451648712
0.87649405002594  0.473495364189148  -0.0292474795132875  -0.0369610972702503  -0.0730681791901588
0.876627504825592  0.473283797502518  -0.0290080234408379  -0.0368993394076824  -0.0729620531201363
0.876938045024872  0.4727523624897  -0.0287825502455235  -0.0367252007126808  -0.0728532820940018
0.875672042369843  0.475082784891129  -0.028874134644866  -0.03687584400177  -0.0728100910782814
0.875713109970093  0.474932193756104  -0.0289995148777962  -0.0369250252842903  -0.0732229128479958
0.876678347587585  0.4731824696064  -0.0289555136114359  -0.0369442999362946  -0.0730080306529999
0.876594185829163  0.473355203866959  -0.0290072336792946  -0.0368629209697247  -0.0729189366102219
0.876977801322937  0.472672492265701  -0.0289300885051489  -0.0363251902163029  -0.0730350315570831
0.87557190656662  0.475174784660339  -0.0290848892182112  -0.0369587056338787  -0.073286384344101
0.876412332057953  0.473648875951767  -0.0289965216070414  -0.0372249633073807  -0.0730177462100983
0.876131057739258  0.474175333976746  -0.0290115680545568  -0.0369754433631897  -0.0730981230735779
0.875680148601532  0.475013256072998  -0.0290036108344793  -0.036973848938942  -0.0730648338794708
0.876334190368652  0.473931431770325  -0.0289940666407347  -0.0362367406487465  -0.0726207494735718
0.875241994857788  0.475738435983658  -0.0291506201028824  -0.0370232760906219  -0.0735121890902519
0.875302970409393  0.475645691156387  -0.0291607566177845  -0.0370519049465656  -0.073367565870285
0.876017689704895  0.474394887685776  -0.0290117468684912  -0.0369624830782413  -0.0730389282107353
0.876401662826538  0.473764508962631  -0.0289808083325624  -0.0368217527866364  -0.0726058706641197
0.87594598531723  0.474491238594055  -0.0290291924029589  -0.0371662862598896  -0.0731614679098129
0.875745415687561  0.474911123514175  -0.0289694722741842  -0.0368677787482738  -0.0730132311582565
0.877710521221161  0.471381068229675  -0.0287468153983355  -0.0366104915738106  -0.0725087076425552
0.876553118228912  0.473403722047806  -0.0289998240768909  -0.036935992538929  -0.0730636641383171
0.876335799694061  0.473797291517258  -0.0289752073585987  -0.0369256697595119  -0.073134072124958
0.87658417224884  0.473396778106689  -0.0289589762687683  -0.0366599895060062  -0.0728903487324715
0.876628756523132  0.47329443693161  -0.0289131999015808  -0.0368791371583939  -0.0729268342256546
0.877695977687836  0.47129625082016  -0.0289900451898575  -0.0368623211979866  -0.0730109810829163
0.87800544500351  0.470863282680511  -0.0290506929159164  -0.0369774363934994  -0.0719932019710541
0.876420855522156  0.473724603652954  -0.0290005002170801  -0.0368863120675087  -0.0725925713777542
0.876197874546051  0.47411847114563  -0.0288882646709681  -0.0368001647293568  -0.0728015750646591
0.876156628131866  0.474124938249588  -0.029006652534008  -0.0370258837938309  -0.073094479739666
0.873410522937775  0.47926926612854  -0.0287717841565609  -0.0368345826864243  -0.0725969523191452
0.877944469451904  0.470790475606918  -0.0290496796369553  -0.0368766263127327  -0.0732533037662506
0.876075208187103  0.474271655082703  -0.0291842650622129  -0.0369275435805321  -0.0730977356433868
0.876189649105072  0.47407853603363  -0.0289962124079466  -0.036800105124712  -0.0731171220541
0.876161098480225  0.474100977182388  -0.0290287397801876  -0.0368685089051723  -0.0732660442590714
0.876216888427734  0.4740269780159  -0.0289998203516006  -0.0369144454598427  -0.0730670765042305
0.876219034194946  0.474024027585983  -0.0289993118494749  -0.0368563011288643  -0.0730894133448601
0.876201272010803  0.474125504493713  -0.0288464985787868  -0.0368951112031937  -0.072684109210968
0.876179933547974  0.474083125591278  -0.0290204212069511  -0.036894615739584  -0.0731466710567474
0.876257300376892  0.473963260650635  -0.0288709234446287  -0.036918431520462  -0.0730437338352203
0.875252485275269  0.475806415081024  -0.0290415734052658  -0.0369121022522449  -0.0730434879660606
0.875405013561249  0.475567519664764  -0.0290134903043509  -0.0363714955747128  -0.073053851723671
0.876345276832581  0.473794937133789  -0.028978893533349  -0.0368765518069267  -0.073058009147644
0.878044843673706  0.470747292041779  -0.0287632010877132  -0.0367005877196789  -0.0725245922803879
0.875991225242615  0.474478244781494  -0.029499027878046  -0.036896537989378  -0.0726520791649818
0.878122568130493  0.470592737197876  -0.0287889298051596  -0.0367370210587978  -0.0725588127970695
0.87595522403717  0.474494904279709  -0.028712160885334  -0.0369994342327118  -0.0732382386922836
0.873576462268829  0.478867679834366  -0.0291085783392191  -0.0369228161871433  -0.0730699822306633
0.876324832439423  0.473852813243866  -0.0289862062782049  -0.0369111374020576  -0.0729084685444832
0.874665200710297  0.476916342973709  -0.0289417821913958  -0.036841981112957  -0.0729150548577309
0.875300526618958  0.475595951080322  -0.0289810858666897  -0.0369563139975071  -0.0738360434770584
0.876305103302002  0.473872482776642  -0.0289825219660997  -0.0368058197200298  -0.0730726271867752
0.876324951648712  0.473897963762283  -0.0289661269634962  -0.0367691442370415  -0.0726924240589142
0.876611351966858  0.473278433084488  -0.0291577838361263  -0.036946464329958  -0.0731090009212494
0.876841008663177  0.47296530008316  -0.0288918185979128  -0.0363604836165905  -0.0727798342704773
0.875641644001007  0.475126206874847  -0.0288949050009251  -0.0369179248809814  -0.0728636234998703
0.876442134380341  0.473594188690186  -0.0289880260825157  -0.03696259111166  -0.0731513500213623
0.876488327980042  0.473515063524246  -0.0289835426956415  -0.0369481816887856  -0.0731199383735657
0.87595522403717  0.474494904279709  -0.028712160885334  -0.0369994342327118  -0.0732382386922836
0.876114964485168  0.474202007055283  -0.0290194302797318  -0.0370377898216248  -0.0730829685926437
0.876785576343536  0.473029881715775  -0.0288945958018303  -0.0368257611989975  -0.0727920532226562
0.87595522403717  0.474494904279709  -0.028712160885334  -0.0369994342327118  -0.0732382386922836
0.876344323158264  0.473845094442368  -0.0290022678673267  -0.0362162515521049  -0.0730676352977753
0.876375734806061  0.473770469427109  -0.0289464388042688  -0.0368068739771843  -0.0729011595249176
0.876179933547974  0.474083125591278  -0.0290204212069511  -0.036894615739584  -0.0731466710567474
0.876713871955872  0.473247319459915  -0.0289877839386463  -0.0367983393371105  -0.0722175911068916
0.876614332199097  0.473310738801956  -0.028929190710187  -0.0368572250008583  -0.0729992911219597
0.876046299934387  0.474310606718063  -0.0288786794990301  -0.03689144551754  -0.073329970240593
0.876260936260223  0.473983436822891  -0.0289055183529854  -0.0368126071989536  -0.0729090049862862
0.875925660133362  0.474546313285828  -0.0290104877203703  -0.0369123294949532  -0.0731833204627037
0.876306474208832  0.473894566297531  -0.0289678182452917  -0.0366451554000378  -0.0729999616742134
0.876576602458954  0.473413109779358  -0.0289365909993649  -0.0365803018212318  -0.0729243606328964
0.875836074352264  0.474774211645126  -0.0289149302989244  -0.0368393622338772  -0.0728530064225197
0.875974535942078  0.474515914916992  -0.028891621157527  -0.0368516109883785  -0.0728724002838135
0.876364767551422  0.473811507225037  -0.0289031155407429  -0.0368595011532307  -0.0727543532848358
0.876221716403961  0.47402012348175  -0.0290142185986042  -0.0368637330830097  -0.0730716660618782
0.877872586250305  0.470930069684982  -0.0290565770119429  -0.0369620211422443  -0.0731723457574844
0.876000344753265  0.474512159824371  -0.0289565194398165  -0.0369140170514584  -0.0725306198000908
0.876727163791656  0.473098486661911  -0.0290351994335651  -0.0369057059288025  -0.0729526728391647
0.876287698745728  0.47388568520546  -0.0290065333247185  -0.0369635336101055  -0.0731067731976509
0.876161098480225  0.474100977182388  -0.0290287397801876  -0.0368685089051723  -0.0732660442590714
0.876296997070312  0.473925679922104  -0.0290536712855101  -0.0370331928133965  -0.0726804360747337
0.876207828521729  0.474032521247864  -0.0290112849324942  -0.0369836390018463  -0.0730998888611794
0.875551283359528  0.475284785032272  -0.0289309155195951  -0.036879263818264  -0.072920173406601
0.875421583652496  0.475502997636795  -0.0290800556540489  -0.036932572722435  -0.0729685872793198
0.876367211341858  0.473765432834625  -0.0290063489228487  -0.0368705056607723  -0.0729796290397644
0.874922215938568  0.476353764533997  -0.0291313230991364  -0.0370755232870579  -0.0733145326375961
0.875698029994965  0.474966675043106  -0.0289691723883152  -0.0369984023272991  -0.0731533914804459
0.876061499118805  0.474318325519562  -0.0289804060012102  -0.0369596220552921  -0.0730232298374176
0.876283228397369  0.473917543888092  -0.0289856009185314  -0.0368748903274536  -0.0730060935020447
0.876061856746674  0.474340260028839  -0.0289198253303766  -0.0370568856596947  -0.0728508532047272
0.876225054264069  0.474002480506897  -0.0290135722607374  -0.0369372889399529  -0.07310900837183
0.876775145530701  0.472994685173035  -0.0289490669965744  -0.037014938890934  -0.0730284154415131
0.876045763492584  0.474324285984039  -0.029019458219409  -0.0369576588273048  -0.0731589496135712
0.875863432884216  0.474655538797379  -0.0290522407740355  -0.0370724983513355  -0.0731228590011597
0.875842571258545  0.47469562292099  -0.0288964789360762  -0.0370078794658184  -0.0732065960764885
0.876401305198669  0.473653167486191  -0.0289744343608618  -0.0368355214595795  -0.073328509926796
0.876536130905151  0.473419845104218  -0.0289832558482885  -0.0369748286902905  -0.0731500461697578
0.877138018608093  0.47246590256691  -0.0290259849280119  -0.036996528506279  -0.0720657482743263
0.87593674659729  0.474566549062729  -0.029005778953433  -0.0368807800114155  -0.0729373693466187
0.875562727451324  0.475173026323318  -0.0290419273078442  -0.0370618887245655  -0.0733730271458626
0.877440631389618  0.471825182437897  -0.0288183093070984  -0.0368718095123768  -0.0727243945002556
0.875461041927338  0.475370228290558  -0.0290810037404299  -0.0370693877339363  -0.0732891038060188
0.876134693622589  0.474182426929474  -0.0290342643857002  -0.0369693636894226  -0.0730024799704552
0.876626968383789  0.47326672077179  -0.0289717447012663  -0.0369592197239399  -0.0730651244521141
0.876312434673309  0.473840087652206  -0.0290061458945274  -0.0369563847780228  -0.0731096789240837
0.876753866672516  0.47303181886673  -0.028969893231988  -0.0370603315532207  -0.0730128064751625
0.876283526420593  0.473957806825638  -0.028972277417779  -0.036971278488636  -0.0726976916193962
0.87628048658371  0.473902434110641  -0.0288324356079102  -0.0372297316789627  -0.0730193853378296
0.876356244087219  0.473781615495682  -0.0289196819067001  -0.0368752777576447  -0.0730370208621025
0.875687181949615  0.474957078695297  -0.0290505848824978  -0.0370202697813511  -0.0733033940196037
0.876396536827087  0.473706275224686  -0.0289408266544342  -0.0368941649794579  -0.0730249732732773
0.876194417476654  0.474095910787582  -0.0289225392043591  -0.036859430372715  -0.0729460716247559
0.875514268875122  0.475268661975861  -0.029072480276227  -0.0369767695665359  -0.0733623206615448
0.875538408756256  0.475227624177933  -0.0290698669850826  -0.0370368584990501  -0.0733098313212395
0.876802206039429  0.472992211580276  -0.0286659989506006  -0.0368699468672276  -0.0729048326611519
0.876173377037048  0.474094152450562  -0.0289932303130627  -0.0369691625237465  -0.0731276869773865
0.875157237052917  0.475957930088043  -0.0289723724126816  -0.0370355471968651  -0.0731628239154816
0.876589357852936  0.473351508378983  -0.0289150234311819  -0.0368581376969814  -0.0730391591787338
0.876932322978973  0.472736567258835  -0.0288645196706057  -0.0368575789034367  -0.0729265809059143
0.876252591609955  0.473943799734116  -0.0289483647793531  -0.0369990579783916  -0.0731548964977264
0.876175582408905  0.474116861820221  -0.0289487540721893  -0.0368936471641064  -0.0730081424117088
0.876240193843842  0.474000036716461  -0.0287641976028681  -0.0369486771523952  -0.0730368196964264
0.876280188560486  0.473928272724152  -0.0289171524345875  -0.0367394126951694  -0.0730671957135201
0.876396894454956  0.473713636398315  -0.0287595614790916  -0.0369981676340103  -0.0729923099279404
0.876063764095306  0.474322199821472  -0.0290006808936596  -0.0366794541478157  -0.0731041356921196
0.875996530056  0.474413692951202  -0.0290004964917898  -0.0368882641196251  -0.0732112675905228
0.876741290092468  0.473081052303314  -0.0287561025470495  -0.0370128192007542  -0.0729533731937408
0.876119375228882  0.474198997020721  -0.0290156155824661  -0.0369532182812691  -0.0730941221117973
0.876172959804535  0.474094480276108  -0.0290089473128319  -0.0369272083044052  -0.0731459632515907
0.876300513744354  0.473870307207108  -0.0289103072136641  -0.036969892680645  -0.0730874985456467
0.876084566116333  0.474297106266022  -0.0288976915180683  -0.0368903204798698  -0.072953388094902
0.875119209289551  0.475968569517136  -0.0291150491684675  -0.0370656438171864  -0.0734753832221031
0.876572072505951  0.473412156105042  -0.0289198141545057  -0.0368151590228081  -0.0728740245103836
0.875200688838959  0.475846588611603  -0.0290698390454054  -0.0370588004589081  -0.07331732660532
0.876210927963257  0.474023908376694  -0.0290355049073696  -0.0369672663509846  -0.0731168016791344
0.87626576423645  0.473976701498032  -0.0289215184748173  -0.0367600917816162  -0.0729152336716652
0.876288712024689  0.473871350288391  -0.029010096564889  -0.0369135327637196  -0.073211781680584
0.876098394393921  0.474233746528625  -0.028992798179388  -0.036970242857933  -0.0731209442019463
0.876802027225494  0.472998797893524  -0.0289003755897284  -0.0368120893836021  -0.0728006437420845
0.876617133617401  0.473309993743896  -0.0289507042616606  -0.0368243381381035  -0.0729775801301003
0.875364720821381  0.475617945194244  -0.0289644002914429  -0.0369335114955902  -0.0729454010725021
0.87619423866272  0.474061876535416  -0.0290160272270441  -0.0368352830410004  -0.0731444880366325
0.874805688858032  0.476534813642502  -0.0291540920734406  -0.0371976755559444  -0.0734572038054466
0.875904142856598  0.474673300981522  -0.0288488678634167  -0.0368166081607342  -0.0727285221219063
0.876251757144928  0.47393387556076  -0.028984135016799  -0.0369552858173847  -0.0732374340295792
0.874954164028168  0.476350277662277  -0.0290361233055592  -0.0369752943515778  -0.0730438902974129
0.876365423202515  0.473740816116333  -0.0290608983486891  -0.0369601584970951  -0.0730931386351585
0.875219285488129  0.475805371999741  -0.0291298311203718  -0.0369979999959469  -0.0733695328235626
0.876271784305573  0.473950833082199  -0.0288124475628138  -0.0369384102523327  -0.0729639157652855
0.876509308815002  0.473509967327118  -0.0289397593587637  -0.0367290638387203  -0.0730291232466698
0.876382112503052  0.473717212677002  -0.0289801545441151  -0.0368229523301125  -0.0731476992368698
0.876640796661377  0.473243236541748  -0.02892124094069  -0.0369385443627834  -0.0730820521712303
0.876233518123627  0.473999500274658  -0.0289056859910488  -0.0369554944336414  -0.0730627328157425
0.875395774841309  0.4754998087883  -0.0288002770394087  -0.0371327884495258  -0.0733066499233246
0.876437902450562  0.473588943481445  -0.0289816092699766  -0.0367778018116951  -0.0733307227492332
0.875967383384705  0.474470376968384  -0.0290287900716066  -0.0369184724986553  -0.0731657445430756
0.875861525535583  0.47467252612114  -0.0290174689143896  -0.0370137020945549  -0.0730791911482811
0.876418113708496  0.473696678876877  -0.0289719644933939  -0.0369323380291462  -0.0727963969111443
0.876079142093658  0.474273771047592  -0.0290305186063051  -0.0369277112185955  -0.0730980560183525
0.876198172569275  0.474085569381714  -0.0289731826633215  -0.0368687957525253  -0.0729437321424484
0.875855088233948  0.474701046943665  -0.0289820209145546  -0.0369946509599686  -0.0729948207736015
0.876238107681274  0.473970621824265  -0.0289806723594666  -0.0369294211268425  -0.0731773525476456
0.874608755111694  0.476860851049423  -0.0291927363723516  -0.0372371524572372  -0.0736513733863831
0.878768503665924  0.469215005636215  -0.0291688963770866  -0.0370592772960663  -0.0733432173728943
0.87611323595047  0.474201589822769  -0.0290052909404039  -0.0369527451694012  -0.073154479265213
0.876338124275208  0.473804473876953  -0.0289838779717684  -0.0368945859372616  -0.0730720311403275
0.876212775707245  0.474015593528748  -0.0289634466171265  -0.0374578833580017  -0.0729275345802307
0.876188337802887  0.474068254232407  -0.028983112424612  -0.0369266830384731  -0.0731408223509789
0.87567812204361  0.474987924098969  -0.0290301982313395  -0.0370134897530079  -0.0732228010892868
0.875688791275024  0.474958419799805  -0.0290067754685879  -0.0369969718158245  -0.0733039602637291
0.876309156417847  0.473881661891937  -0.028980603441596  -0.0365712717175484  -0.0730826929211617
0.876531302928925  0.473441928625107  -0.0289198718965054  -0.0369646511971951  -0.073094330728054
0.876743257045746  0.47308224439621  -0.0289688743650913  -0.0366080068051815  -0.0730416476726532
0.872495472431183  0.480887860059738  -0.028877979144454  -0.0367907211184502  -0.0728770643472672
0.87465488910675  0.47679790854454  -0.029134675860405  -0.0371098108589649  -0.0735960900783539
0.87653774023056  0.473456382751465  -0.0289050955325365  -0.0368647389113903  -0.0729803144931793
0.876000642776489  0.474411487579346  -0.0290499124675989  -0.0369332879781723  -0.0731352046132088
0.876559555530548  0.473454207181931  -0.0289348233491182  -0.0366752967238426  -0.0728155598044395
0.87681382894516  0.472937732934952  -0.0289180036634207  -0.0368583239614964  -0.0730254948139191
0.876372337341309  0.47374227643013  -0.0290012061595917  -0.0368946269154549  -0.0730586871504784
0.876597702503204  0.473329216241837  -0.0288921259343624  -0.0370117761194706  -0.0730171278119087
0.875792920589447  0.474801063537598  -0.0290238838642836  -0.0369081236422062  -0.0731169283390045
0.876932322978973  0.472736567258835  -0.0288645196706057  -0.0368575789034367  -0.0729265809059143
0.876228809356689  0.474067866802216  -0.0290265195071697  -0.0367949940264225  -0.0727061703801155
0.876104116439819  0.474234133958817  -0.0288480259478092  -0.0368792489171028  -0.0731518343091011
0.876131057739258  0.474175333976746  -0.0290115680545568  -0.0369754433631897  -0.0730981230735779
0.876079142093658  0.474273771047592  -0.0290305186063051  -0.0369277112185955  -0.0730980560183525
0.876102328300476  0.474188834428787  -0.0289903171360493  -0.0374679565429688  -0.0731130838394165
0.876271724700928  0.473953932523727  -0.028823709115386  -0.0369037352502346  -0.0729575902223587
0.876442134380341  0.473594188690186  -0.0289880260825157  -0.03696259111166  -0.0731513500213623
0.876802027225494  0.472998797893524  -0.0289003755897284  -0.0368120893836021  -0.0728006437420845
0.876673877239227  0.473195314407349  -0.0289479419589043  -0.0369413793087006  -0.0729832798242569
0.876224517822266  0.474048018455505  -0.028942046687007  -0.0368305742740631  -0.0729023218154907
0.8760045170784  0.474415987730026  -0.0288656502962112  -0.0370001941919327  -0.07309690117836
0.876134634017944  0.474177718162537  -0.0288768503814936  -0.0369429737329483  -0.0731083378195763
0.876493155956268  0.473530650138855  -0.028963528573513  -0.0368543937802315  -0.0730160623788834
0.876479148864746  0.473558336496353  -0.0289767272770405  -0.0368874110281467  -0.0729820802807808
0.876322329044342  0.473835915327072  -0.0289975609630346  -0.0368870794773102  -0.0730553865432739
0.878837704658508  0.469161838293076  -0.0288100633770227  -0.0369772240519524  -0.0730360597372055
0.874706089496613  0.476711302995682  -0.0291723553091288  -0.0371324829757214  -0.0735237076878548
0.875112235546112  0.476034671068192  -0.0291603486984968  -0.0371184125542641  -0.0730848014354706
0.874528348445892  0.477031916379929  -0.0291855428367853  -0.0371182523667812  -0.0735608860850334
0.876226842403412  0.474063992500305  -0.0289414767175913  -0.0367494449019432  -0.07281244546175
0.876250624656677  0.473962068557739  -0.0289955623447895  -0.0368886142969131  -0.0730965211987495
0.876225650310516  0.473962932825089  -0.028980415314436  -0.0369517169892788  -0.0733653381466866
0.875880181789398  0.474617213010788  -0.0290907584130764  -0.0370201505720615  -0.0731830224394798
0.876692235469818  0.47312393784523  -0.028984110802412  -0.0370225161314011  -0.0731697753071785
0.876233518123627  0.473999500274658  -0.0289056859910488  -0.0369554944336414  -0.0730627328157425
0.876155018806458  0.474141955375671  -0.0289696231484413  -0.0369333699345589  -0.0730655565857887
0.876478016376495  0.473536133766174  -0.0289757624268532  -0.0369594320654869  -0.073104165494442
0.877296209335327  0.472114145755768  -0.0288023315370083  -0.0367400534451008  -0.0726639926433563
0.876058518886566  0.474281281232834  -0.0288570318371058  -0.0372678674757481  -0.0731930434703827
0.873522639274597  0.479052662849426  -0.0288172289729118  -0.0367380641400814  -0.0727086737751961
0.876186192035675  0.474040299654007  -0.0290164444595575  -0.0369036644697189  -0.0733461081981659
0.875915765762329  0.474586427211761  -0.029023727402091  -0.0369790233671665  -0.0730022490024567
0.876572072505951  0.473412156105042  -0.0289198141545057  -0.0368151590228081  -0.0728740245103836
0.876281976699829  0.473906010389328  -0.0289907567203045  -0.0369930602610111  -0.0730338916182518
0.876383900642395  0.473791897296906  -0.0289589297026396  -0.0367244966328144  -0.0726990476250648
0.874261736869812  0.477615833282471  -0.0290551017969847  -0.0370851382613182  -0.0730064809322357
0.87446665763855  0.477290868759155  -0.0289157442748547  -0.0368345603346825  -0.0728603005409241
0.876100718975067  0.474298775196075  -0.0289926491677761  -0.0367578119039536  -0.0727766677737236
0.875423967838287  0.475709199905396  -0.0289999581873417  -0.0369523987174034  -0.0716033056378365
0.876389920711517  0.473728597164154  -0.0290378555655479  -0.0369150564074516  -0.0729110091924667
0.876347959041595  0.473764538764954  -0.0290403254330158  -0.0369717068970203  -0.0731511935591698
0.876318573951721  0.473894536495209  -0.0289659164845943  -0.0367688797414303  -0.0727927088737488
0.876379787921906  0.473720967769623  -0.0289808921515942  -0.0368230491876602  -0.073151059448719
0.875886559486389  0.474604815244675  -0.0293072517961264  -0.0369918793439865  -0.0731139704585075
0.874702036380768  0.476868808269501  -0.0289004445075989  -0.036801815032959  -0.0728209614753723
0.874189913272858  0.477809220552444  -0.0288875717669725  -0.0368247665464878  -0.0728001147508621
0.87626188993454  0.473931580781937  -0.0290420204401016  -0.0369026586413383  -0.0731349512934685
0.875873029232025  0.4746313393116  -0.0287380293011665  -0.0373458713293076  -0.0731498897075653
0.876084625720978  0.474293798208237  -0.0289036333560944  -0.0369347631931305  -0.0729486271739006
0.876148641109467  0.47408053278923  -0.0290838722139597  -0.0371155589818954  -0.0734005644917488
0.875836074352264  0.474774211645126  -0.0289149302989244  -0.0368393622338772  -0.0728530064225197
0.877697110176086  0.471403121948242  -0.0287920124828815  -0.0366393253207207  -0.0724950209259987
0.876002490520477  0.474411159753799  -0.0288729555904865  -0.0369918644428253  -0.0731531232595444
0.87457549571991  0.477071791887283  -0.0289461351931095  -0.0369198210537434  -0.0729341804981232
0.876402854919434  0.47372978925705  -0.0289293956011534  -0.0368316248059273  -0.0728332102298737
0.876019537448883  0.474382787942886  -0.0288660209625959  -0.0369291752576828  -0.0731679424643517
0.87478631734848  0.476684093475342  -0.0289651118218899  -0.0369034260511398  -0.0729403644800186
0.876627504825592  0.473243921995163  -0.0292212460190058  -0.0369560196995735  -0.0731072723865509
0.876299977302551  0.47394186258316  -0.0290054120123386  -0.0369341112673283  -0.0726081728935242
0.876966834068298  0.472661435604095  -0.0288841687142849  -0.0368278808891773  -0.073005311191082
0.876179933547974  0.474083125591278  -0.0290204212069511  -0.036894615739584  -0.0731466710567474
0.876542747020721  0.473422259092331  -0.0290980488061905  -0.0369347967207432  -0.0730301439762115
0.876565098762512  0.473383545875549  -0.0289175286889076  -0.0368277989327908  -0.0731376707553864
0.876561939716339  0.473411470651627  -0.0288976524025202  -0.0369040369987488  -0.0729640051722527
0.876268029212952  0.473923474550247  -0.0289655327796936  -0.0369526967406273  -0.0731193348765373
0.876700222492218  0.473177313804626  -0.0288885813206434  -0.0369849652051926  -0.0727836489677429
0.876366674900055  0.47375613451004  -0.0289971716701984  -0.0369041822850704  -0.0730334371328354
0.876628816127777  0.473261624574661  -0.0289454776793718  -0.0369252040982246  -0.0731024444103241
0.876295804977417  0.473872184753418  -0.0289536993950605  -0.0369798839092255  -0.0731109604239464
0.876295804977417  0.473872184753418  -0.0289536993950605  -0.0369798839092255  -0.0731109604239464
0.876295804977417  0.473872184753418  -0.0289536993950605  -0.0369798839092255  -0.0731109604239464
0.876401305198669  0.473653167486191  -0.0289744343608618  -0.0368355214595795  -0.073328509926796
0.875487446784973  0.475391417741776  -0.0289332624524832  -0.0369925312697887  -0.0729318931698799
0.876301229000092  0.473838329315186  -0.0289829354733229  -0.0369689539074898  -0.0732568874955177
0.874428808689117  0.477281987667084  -0.0289104785770178  -0.0367427729070187  -0.0734179019927979
0.876865565776825  0.472840040922165  -0.0289987996220589  -0.0369689017534256  -0.0729484781622887
0.874240219593048  0.47753494977951  -0.0292123854160309  -0.0372399426996708  -0.0736494436860085
0.879898726940155  0.467141956090927  -0.029020955786109  -0.0369115993380547  -0.0731554999947548
0.875027060508728  0.476220816373825  -0.0288490708917379  -0.0369578190147877  -0.0730978026986122
0.876477479934692  0.473663091659546  -0.0289033968001604  -0.036779846996069  -0.0724035054445267
0.875294029712677  0.475680232048035  -0.0290485061705112  -0.0370890088379383  -0.0732758864760399
0.877942204475403  0.470915824174881  -0.0288078747689724  -0.0367500521242619  -0.0726306140422821
0.876107931137085  0.474222451448441  -0.0290122255682945  -0.0368486456573009  -0.0731328651309013
0.876649081707001  0.473317980766296  -0.0288606975227594  -0.0365423560142517  -0.0727196857333183
0.876160740852356  0.474101185798645  -0.0293322820216417  -0.0370204746723175  -0.0730724707245827
0.876012623310089  0.474374622106552  -0.0290288869291544  -0.0371572412550449  -0.0731247216463089
0.876102149486542  0.474226653575897  -0.0290317013859749  -0.0370304957032204  -0.0730755031108856
0.876187980175018  0.474028527736664  -0.0290417429059744  -0.0368309020996094  -0.0734270662069321
0.876070380210876  0.474287390708923  -0.0289789047092199  -0.0368987657129765  -0.0731502175331116
0.876709163188934  0.473179906606674  -0.0289881508797407  -0.036995280534029  -0.072614423930645
0.876391351222992  0.473710626363754  -0.0289777610450983  -0.0369979329407215  -0.0729918479919434
0.876312911510468  0.473811358213425  -0.0291876364499331  -0.036934919655323  -0.073227234184742
0.876082956790924  0.474268913269043  -0.0290088579058647  -0.0367948226630688  -0.0731582194566727
0.87547379732132  0.475385665893555  -0.0290403869003057  -0.0370326191186905  -0.0730715170502663
0.876134395599365  0.474173009395599  -0.0290158092975616  -0.0369059033691883  -0.0731059014797211
0.873387634754181  0.479038238525391  -0.0292693469673395  -0.0373830311000347  -0.0739079937338829
0.87658280134201  0.473364800214767  -0.0289989486336708  -0.0369541198015213  -0.0729510858654976
0.874793589115143  0.47668594121933  -0.0289221573621035  -0.0369186028838158  -0.0728508457541466
0.87507563829422  0.476139426231384  -0.0289573650807142  -0.0369870364665985  -0.0729881748557091
0.876302599906921  0.473892033100128  -0.0290107354521751  -0.0368801169097424  -0.0729270502924919
0.873500347137451  0.478857278823853  -0.0292553063482046  -0.0373023711144924  -0.0737943649291992
0.876769721508026  0.473048180341721  -0.0288933403789997  -0.0367779098451138  -0.0728876069188118
0.876054525375366  0.474279582500458  -0.0288598071783781  -0.0373562425374985  -0.0732041969895363
0.876175582408905  0.474116861820221  -0.0289487540721893  -0.0368936471641064  -0.0730081424117088
0.877104520797729  0.472572356462479  -0.0288326349109411  -0.0367889404296875  -0.0719606131315231
0.875551283359528  0.475284785032272  -0.0289309155195951  -0.036879263818264  -0.072920173406601
0.876672506332397  0.473224550485611  -0.0295407939702272  -0.036957886070013  -0.0725617483258247
0.87857186794281  0.469790697097778  -0.028701588511467  -0.0366972424089909  -0.072370745241642
0.876082956790924  0.474268913269043  -0.0290088579058647  -0.0367948226630688  -0.0731582194566727
0.876098155975342  0.47411048412323  -0.0289857853204012  -0.0369899123907089  -0.0739110261201859
0.874335289001465  0.477460324764252  -0.0291893761605024  -0.0371977351605892  -0.0730329155921936
0.875438809394836  0.475461900234222  -0.0289502870291471  -0.0369785018265247  -0.0730552822351456
0.876100480556488  0.474200040102005  -0.0290296729654074  -0.0369148030877113  -0.0733256489038467
0.876279532909393  0.473885029554367  -0.0289726220071316  -0.0368525125086308  -0.0732780545949936
0.876424312591553  0.473665744066238  -0.0289074070751667  -0.0368914492428303  -0.0729687362909317
0.876188397407532  0.474056661128998  -0.0290047954767942  -0.0369052328169346  -0.0732166767120361
0.876609742641449  0.473274141550064  -0.0289699211716652  -0.0369921289384365  -0.0732063353061676
0.874339401721954  0.47736993432045  -0.0291661452502012  -0.0371715128421783  -0.0735955312848091
0.872381269931793  0.480838090181351  -0.0291791558265686  -0.0374817065894604  -0.0740904659032822
0.876319527626038  0.473857253789902  -0.0289109535515308  -0.0369109958410263  -0.0729743242263794
0.875852704048157  0.474667727947235  -0.0290171764791012  -0.0370133295655251  -0.0732163339853287
0.876357078552246  0.473748028278351  -0.0290040038526058  -0.0369757264852524  -0.073162242770195
0.876348555088043  0.473743408918381  -0.0290037207305431  -0.0372353792190552  -0.0731615349650383
0.875437557697296  0.475409418344498  -0.0291195213794708  -0.0370043255388737  -0.0733339488506317
0.875957906246185  0.474376350641251  -0.0288973022252321  -0.0372826270759106  -0.0737545788288116
0.876110076904297  0.474187344312668  -0.0288552828133106  -0.0373005457222462  -0.0731678307056427
0.873488068580627  0.478897571563721  -0.0292192753404379  -0.0373271554708481  -0.0736787021160126
0.875938653945923  0.474525988101959  -0.0288763102144003  -0.0369777753949165  -0.0731810107827187
0.876436948776245  0.473637133836746  -0.0289363861083984  -0.0368957258760929  -0.0729899108409882
0.874972760677338  0.476235032081604  -0.0291496030986309  -0.0371083915233612  -0.0734588950872421
0.875554859638214  0.4751997590065  -0.029010271653533  -0.037069670855999  -0.0733009278774261
0.87585061788559  0.474717348814011  -0.0289274696260691  -0.0369170345366001  -0.0730025768280029
0.87587434053421  0.474679231643677  -0.0289226453751326  -0.0369192846119404  -0.0729670003056526
0.873179018497467  0.479675024747849  -0.0288223288953304  -0.0367282256484032  -0.072736881673336
0.874687492847443  0.476864188909531  -0.0289989840239286  -0.036879014223814  -0.0729473605751991
0.87609851360321  0.474275082349777  -0.0289283562451601  -0.0369576178491116  -0.0728820785880089
0.87633615732193  0.473803132772446  -0.028987405821681  -0.0370117761194706  -0.0730429887771606
0.873246431350708  0.479327946901321  -0.029187273234129  -0.0372836664319038  -0.0737795382738113
0.875219285488129  0.475805371999741  -0.0291298311203718  -0.0369979999959469  -0.0733695328235626
0.876671433448792  0.473307102918625  -0.0289349593222141  -0.0365963354706764  -0.0724637806415558
0.875953912734985  0.474537909030914  -0.0289448425173759  -0.0369231179356575  -0.072921134531498
0.876463770866394  0.473624110221863  -0.0290515832602978  -0.0370053313672543  -0.0726496800780296
0.876458764076233  0.473602205514908  -0.0289942044764757  -0.0369597114622593  -0.0728997215628624
0.876655340194702  0.473230570554733  -0.02892797999084  -0.0369280204176903  -0.072990208864212
0.876037836074829  0.474167823791504  -0.0289780665189028  -0.0369167104363441  -0.0742962285876274
0.874903857707977  0.476416736841202  -0.0288498364388943  -0.0371821261942387  -0.073180690407753
0.875137984752655  0.475958973169327  -0.0289303343743086  -0.0370429009199142  -0.0733992233872414
0.876628756523132  0.47329443693161  -0.0289131999015808  -0.0368791371583939  -0.0729268342256546
0.876355350017548  0.473769336938858  -0.0289897676557302  -0.0370014533400536  -0.0730366781353951
0.876251220703125  0.473961681127548  -0.0289742536842823  -0.036916621029377  -0.073086179792881
0.877868711948395  0.470918208360672  -0.0289269536733627  -0.0370071269571781  -0.0733223855495453
0.875854849815369  0.474767684936523  -0.0288639254868031  -0.0367866717278957  -0.0727147832512856
0.876649081707001  0.473317980766296  -0.0288606975227594  -0.0365423560142517  -0.0727196857333183
0.876076757907867  0.474278062582016  -0.028994008898735  -0.0368463471531868  -0.0731542482972145
0.876513719558716  0.473530054092407  -0.0288910791277885  -0.0368537567555904  -0.0728024542331696
0.875490128993988  0.475353300571442  -0.0290235802531242  -0.0369424931704998  -0.0731373280286789
0.876486003398895  0.473569124937057  -0.0289493445307016  -0.0367013402283192  -0.0729344636201859
0.876621544361115  0.473316371440887  -0.0291715078055859  -0.036849208176136  -0.0727825090289116
0.876546800136566  0.473309129476547  -0.0288668088614941  -0.036850031465292  -0.0738427489995956
0.875936925411224  0.474524140357971  -0.0290373619645834  -0.0369774550199509  -0.0731475949287415
0.875222563743591  0.475795596837997  -0.0291330777108669  -0.0371037721633911  -0.0733387693762779
0.876122117042542  0.474180668592453  -0.0289655178785324  -0.036905325949192  -0.0732234269380569
0.874931931495667  0.476453304290771  -0.0288682524114847  -0.0368219092488289  -0.0727816373109818
0.87651914358139  0.473498284816742  -0.0289873797446489  -0.0367857553064823  -0.0729388147592545
0.876534402370453  0.473458677530289  -0.0289009176194668  -0.0369332171976566  -0.0729726552963257
0.876572072505951  0.473412156105042  -0.0289198141545057  -0.0368151590228081  -0.0728740245103836
0.876366436481476  0.473776817321777  -0.0290391910821199  -0.0368049703538418  -0.0729356333613396
0.875930666923523  0.474522769451141  -0.0290154796093702  -0.0369953997433186  -0.0732326582074165
0.876191198825836  0.47410723567009  -0.0284680314362049  -0.0369510501623154  -0.0730455070734024
0.877423703670502  0.471824049949646  -0.028913427144289  -0.0368925966322422  -0.0728878900408745
0.876369059085846  0.473745316267014  -0.0289689972996712  -0.0368986167013645  -0.0730879455804825
0.875178694725037  0.47590646147728  -0.0291018038988113  -0.0369972586631775  -0.0732101425528526
0.876396536827087  0.473706275224686  -0.0289408266544342  -0.0368941649794579  -0.0730249732732773
0.876165211200714  0.474193006753922  -0.0288421642035246  -0.03680769354105  -0.0727249681949615
0.876109600067139  0.474236965179443  -0.0289786476641893  -0.0369014739990234  -0.0730059146881104
0.875948011875153  0.474519729614258  -0.0289855897426605  -0.0369742102921009  -0.0730680525302887
0.876392841339111  0.473721772432327  -0.0289723686873913  -0.0368796065449715  -0.0729638859629631
0.876185119152069  0.474047303199768  -0.0290241707116365  -0.0368558689951897  -0.0733338743448257
0.874535202980042  0.47716349363327  -0.0288217440247536  -0.0369374193251133  -0.0728559494018555
0.876427352428436  0.473578870296478  -0.0289685614407063  -0.0376470126211643  -0.0730855986475945
0.876451432704926  0.473609954118729  -0.0289303455501795  -0.036865871399641  -0.0730094760656357
0.876421511173248  0.473639279603958  -0.0290593411773443  -0.0369324795901775  -0.0730932503938675
0.875501871109009  0.475305259227753  -0.0290370006114244  -0.0370125211775303  -0.0732679814100266
0.876324772834778  0.473835587501526  -0.0289497170597315  -0.0368993580341339  -0.0730414390563965
0.876846313476562  0.472899883985519  -0.028664980083704  -0.0369032062590122  -0.0729567557573318
0.87649941444397  0.473527014255524  -0.0289049446582794  -0.0368095859885216  -0.0730107203125954
0.876269042491913  0.47393673658371  -0.0289740320295095  -0.0368738323450089  -0.0730571821331978
0.876469910144806  0.47358101606369  -0.0289614461362362  -0.0368558093905449  -0.0729684829711914
0.873170256614685  0.479672461748123  -0.0288797970861197  -0.0367926470935345  -0.0728020593523979
0.87576699256897  0.474861204624176  -0.0290246475487947  -0.0369497165083885  -0.073016494512558
0.875952064990997  0.474530547857285  -0.0287548657506704  -0.0369192026555538  -0.0730684325098991
0.876759886741638  0.473055601119995  -0.028929291293025  -0.0369401723146439  -0.0728631541132927
0.876002430915833  0.47447082400322  -0.0290022362023592  -0.0370173007249832  -0.072702445089817
0.875219285488129  0.475805371999741  -0.0291298311203718  -0.0369979999959469  -0.0733695328235626
0.879513680934906  0.468058884143829  -0.0285119935870171  -0.0367848575115204  -0.0721843764185905
0.874511897563934  0.477186113595963  -0.0289231967180967  -0.0368462987244129  -0.0729934573173523
0.876478791236877  0.473522990942001  -0.0289911385625601  -0.0369731821119785  -0.0731659308075905
0.876819789409637  0.47292572259903  -0.0288566220551729  -0.0368494018912315  -0.0730600357055664
0.87652462720871  0.473491877317429  -0.0289407689124346  -0.0369095727801323  -0.0728717818856239
0.876133561134338  0.474243372678757  -0.028979828581214  -0.0368956997990608  -0.0726782456040382
0.876450479030609  0.47360771894455  -0.0289553962647915  -0.0369331426918507  -0.0729914903640747
0.874373257160187  0.477312833070755  -0.0291625559329987  -0.0372171588242054  -0.0735403299331665
0.876275658607483  0.473899066448212  -0.0290298461914062  -0.0368829406797886  -0.0731951370835304
0.876445233821869  0.473603338003159  -0.0289722383022308  -0.0368485674262047  -0.0731186643242836
0.875853419303894  0.474696606397629  -0.0289962645620108  -0.0369027480483055  -0.0730841010808945
0.8761146068573  0.474242210388184  -0.0290046259760857  -0.0368252880871296  -0.0729396194219589
0.876541912555695  0.473450124263763  -0.0289425384253263  -0.0368126258254051  -0.0729817599058151
0.87642914056778  0.473655611276627  -0.0287564732134342  -0.0368872322142124  -0.0730401128530502
0.875023066997528  0.476218640804291  -0.0290054325014353  -0.0369576476514339  -0.0730974674224854
0.876100957393646  0.474228769540787  -0.0288909487426281  -0.0369211472570896  -0.0731864795088768
0.876576602458954  0.473413109779358  -0.0289365909993649  -0.0365803018212318  -0.0729243606328964
0.876261234283447  0.473948389291763  -0.0290272105485201  -0.0369014069437981  -0.0730405449867249
0.876259326934814  0.473932236433029  -0.0290135256946087  -0.0369302183389664  -0.0731578841805458
0.875832319259644  0.474742472171783  -0.0289687663316727  -0.0369903482496738  -0.0730044767260551
0.876119315624237  0.474228382110596  -0.0289455708116293  -0.0369038656353951  -0.0729559287428856
0.874491453170776  0.477237164974213  -0.0288901031017303  -0.0369135625660419  -0.0728835463523865
0.876131236553192  0.474115818738937  -0.0289830677211285  -0.0370800718665123  -0.0734388157725334
0.875490128993988  0.475353300571442  -0.0290235802531242  -0.0369424931704998  -0.0731373280286789
0.876092612743378  0.474282592535019  -0.0288440212607384  -0.0368626527488232  -0.0729861110448837
0.875600814819336  0.475137621164322  -0.0290443915873766  -0.0370261259377003  -0.0731634199619293
0.877844154834747  0.470970213413239  -0.0290659852325916  -0.0369267649948597  -0.0732686296105385
0.875977098941803  0.474508732557297  -0.0289327166974545  -0.0368746928870678  -0.0728611052036285
0.876250147819519  0.473967432975769  -0.0290176570415497  -0.0369181446731091  -0.0730444043874741
0.8762246966362  0.473982870578766  -0.0289860833436251  -0.0369795374572277  -0.0732322335243225
0.876114964485168  0.474202007055283  -0.0290194302797318  -0.0370377898216248  -0.0730829685926437
0.876452147960663  0.473634779453278  -0.0289519187062979  -0.0365834981203079  -0.0729741305112839
0.876587808132172  0.47336009144783  -0.0289692115038633  -0.036980178207159  -0.0729193836450577
0.876072108745575  0.474482029676437  -0.0288530699908733  -0.0369284600019455  -0.0718902945518494
0.875836074352264  0.474774211645126  -0.0289149302989244  -0.0368393622338772  -0.0728530064225197
0.875936925411224  0.474524140357971  -0.0290373619645834  -0.0369774550199509  -0.0731475949287415
0.876489400863647  0.473566859960556  -0.0289535690099001  -0.0366320908069611  -0.0729422196745872
0.876572072505951  0.473412156105042  -0.0289198141545057  -0.0368151590228081  -0.0728740245103836
0.875703275203705  0.474956482648849  -0.0290441811084747  -0.0370256528258324  -0.0731135010719299
0.876785576343536  0.473029881715775  -0.0288945958018303  -0.0368257611989975  -0.0727920532226562
0.876221716403961  0.47402012348175  -0.0290142185986042  -0.0368637330830097  -0.0730716660618782
0.876476764678955  0.473679602146149  -0.0289617422968149  -0.0367243736982346  -0.0723086297512054
0.874993860721588  0.476212084293365  -0.0288536865264177  -0.0372414775192738  -0.0734047442674637
0.876033782958984  0.474374353885651  -0.0289821904152632  -0.0368922911584377  -0.0730267316102982
0.876420855522156  0.473724603652954  -0.0290005002170801  -0.0368863120675087  -0.0725925713777542
0.875388860702515  0.475575506687164  -0.028937628492713  -0.0367959067225456  -0.0730138570070267
0.876445114612579  0.473609894514084  -0.0289601497352123  -0.0366410426795483  -0.0731876790523529
0.875976085662842  0.474496454000473  -0.0289846081286669  -0.0368848145008087  -0.0729268863797188
0.876246929168701  0.473969638347626  -0.0290136598050594  -0.0369836762547493  -0.0730370655655861
0.874081075191498  0.477888703346252  -0.0291339121758938  -0.037072665989399  -0.073358379304409
0.876035451889038  0.474350571632385  -0.0290132276713848  -0.0368969887495041  -0.0731462463736534
0.876478254795074  0.473513185977936  -0.0289884470403194  -0.036862276494503  -0.0732950195670128
0.876118361949921  0.474199652671814  -0.0290236994624138  -0.0369677692651749  -0.0730908066034317
0.876263380050659  0.473978579044342  -0.0288759563118219  -0.0369498655200005  -0.0728534758090973
0.876286923885345  0.473878741264343  -0.0292168762534857  -0.0369171872735023  -0.0731008499860764
0.876430928707123  0.473634302616119  -0.0289741810411215  -0.0370674729347229  -0.0729775652289391
0.876438081264496  0.473605573177338  -0.0291194170713425  -0.0369360223412514  -0.0730874612927437
0.876746118068695  0.47308748960495  -0.0288899503648281  -0.0369473397731781  -0.0728324726223946
0.875738918781281  0.474894821643829  -0.0290196146816015  -0.0369585491716862  -0.0731304883956909
0.876355350017548  0.473769336938858  -0.0289897676557302  -0.0370014533400536  -0.0730366781353951
0.876078307628632  0.474287539720535  -0.0290588084608316  -0.0369772650301456  -0.0729820057749748
0.875932097434998  0.474638164043427  -0.0289743412286043  -0.036886777728796  -0.0725356489419937
0.876713931560516  0.473340392112732  -0.0289160087704659  -0.036882720887661  -0.0715897157788277
0.876140117645264  0.473985433578491  -0.0289972778409719  -0.0369112119078636  -0.0742494910955429
0.876131057739258  0.474175333976746  -0.0290115680545568  -0.0369754433631897  -0.0730981230735779
0.87626576423645  0.473976701498032  -0.0289215184748173  -0.0367600917816162  -0.0729152336716652
0.876235783100128  0.473991215229034  -0.0290251020342112  -0.0369765013456345  -0.0730297937989235
0.87654310464859  0.473441332578659  -0.0289697907865047  -0.0368459708988667  -0.0729973688721657
0.874841868877411  0.47661080956459  -0.0288706980645657  -0.0367827005684376  -0.072851687669754
0.876288712024689  0.473871350288391  -0.029010096564889  -0.0369135327637196  -0.073211781680584
0.875099837779999  0.476097881793976  -0.029132254421711  -0.0370581895112991  -0.0728633031249046
0.876104593276978  0.474224716424942  -0.0290081184357405  -0.0369160324335098  -0.0731253251433372
0.876478791236877  0.473522990942001  -0.0289911385625601  -0.0369731821119785  -0.0731659308075905
0.876096308231354  0.474238038063049  -0.0290632322430611  -0.0369569659233093  -0.0730966776609421
0.875865995883942  0.474653720855713  -0.0290315989404917  -0.0368723757565022  -0.073213517665863
0.876614332199097  0.473310738801956  -0.028929190710187  -0.0368572250008583  -0.0729992911219597
0.875648617744446  0.475068777799606  -0.0290176458656788  -0.0369952470064163  -0.0730646401643753
0.87620210647583  0.474045276641846  -0.0290847066789865  -0.0369166135787964  -0.0730902701616287
0.87620210647583  0.474045276641846  -0.0290847066789865  -0.0369166135787964  -0.0730902701616287
0.876286745071411  0.473911464214325  -0.0289848111569881  -0.0368741787970066  -0.0730045214295387
0.876295030117035  0.473777651786804  -0.0290831699967384  -0.0368816256523132  -0.0737273469567299
0.876169383525848  0.474185675382614  -0.0288417171686888  -0.0368071235716343  -0.0727238431572914
0.875514149665833  0.47535452246666  -0.0289313308894634  -0.036880549043417  -0.0729103907942772
0.875608682632446  0.475131720304489  -0.0290647782385349  -0.0370154082775116  -0.0731062144041061
0.876725971698761  0.473065823316574  -0.0290212165564299  -0.0371651165187359  -0.0730534568428993
0.876263618469238  0.473978638648987  -0.0290142111480236  -0.0364674888551235  -0.0730384513735771
0.87556391954422  0.475291669368744  -0.0284278970211744  -0.036879800260067  -0.0729212239384651
0.87670624256134  0.473135262727737  -0.0289243143051863  -0.0368924774229527  -0.073017530143261
0.875313520431519  0.475784480571747  -0.0290957801043987  -0.0371619649231434  -0.0723045542836189
0.875266373157501  0.475715219974518  -0.0291073825210333  -0.0370938628911972  -0.0733519569039345
0.876572072505951  0.473412156105042  -0.0289198141545057  -0.0368151590228081  -0.0728740245103836
0.876743674278259  0.473107427358627  -0.028895016759634  -0.0367045477032661  -0.0728556662797928
0.876472353935242  0.473533004522324  -0.0291193686425686  -0.0369715690612793  -0.0731289386749268
0.875480949878693  0.475420266389847  -0.0289434790611267  -0.036853764206171  -0.0728885531425476
0.875487446784973  0.475391417741776  -0.0289332624524832  -0.0369925312697887  -0.0729318931698799
0.876119434833527  0.47419810295105  -0.0289908852428198  -0.0369418114423752  -0.0731145143508911
0.876118004322052  0.474226325750351  -0.0289653055369854  -0.0368422903120518  -0.0730094537138939
0.876560628414154  0.47338730096817  -0.028916472569108  -0.037509772926569  -0.0728206112980843
0.876695334911346  0.473210990428925  -0.0288135409355164  -0.0367746613919735  -0.0727600380778313
0.876260936260223  0.473983436822891  -0.0289055183529854  -0.0368126071989536  -0.0729090049862862
0.876131057739258  0.474175333976746  -0.0290115680545568  -0.0369754433631897  -0.0730981230735779
0.875792920589447  0.474801063537598  -0.0290238838642836  -0.0369081236422062  -0.0731169283390045
0.875747561454773  0.474970757961273  -0.0289500560611486  -0.0368782691657543  -0.0726013779640198
0.876555740833282  0.473401844501495  -0.0289358999580145  -0.036579430103302  -0.0732487961649895
0.876250147819519  0.473967432975769  -0.0290176570415497  -0.0369181446731091  -0.0730444043874741
0.875705361366272  0.47497746348381  -0.0289937984198332  -0.0369547456502914  -0.0730084255337715
0.872960865497589  0.479792445898056  -0.0293121244758368  -0.0374280959367752  -0.0740165188908577
0.87612771987915  0.474161177873611  -0.0290095377713442  -0.0368656851351261  -0.0732851698994637
0.875933408737183  0.474534749984741  -0.0290254987776279  -0.0368591733276844  -0.0731871277093887
0.876260936260223  0.473983436822891  -0.0289055183529854  -0.0368126071989536  -0.0729090049862862
0.87715482711792  0.472338765859604  -0.0288635957986116  -0.0368975587189198  -0.0728079080581665
0.872745990753174  0.480223566293716  -0.0292405337095261  -0.0373196303844452  -0.0738382861018181
0.877387464046478  0.4718257188797  -0.0290673077106476  -0.0369939655065536  -0.0732010900974274
0.873799741268158  0.478497326374054  -0.0289556030184031  -0.0368655361235142  -0.0729155912995338
0.876125633716583  0.474189251661301  -0.0290064439177513  -0.0368870794773102  -0.0731190219521523
0.875335454940796  0.475668042898178  -0.0289547964930534  -0.0368734151124954  -0.0730047821998596
0.879705548286438  0.4674291908741  -0.029170598834753  -0.0371505282819271  -0.0734644383192062
0.876421391963959  0.473630636930466  -0.0290045347064734  -0.0369947552680969  -0.073141910135746
0.875157237052917  0.475957930088043  -0.0289723724126816  -0.0370355471968651  -0.0731628239154816
0.876041829586029  0.474330484867096  -0.029040427878499  -0.0369895696640015  -0.0731415003538132
0.872679054737091  0.480312705039978  -0.029374822974205  -0.0371034927666187  -0.0741061940789223
0.876508891582489  0.473502784967422  -0.028973089531064  -0.0369416140019894  -0.0729587227106094
0.876251757144928  0.47393387556076  -0.028984135016799  -0.0369552858173847  -0.0732374340295792
0.875491321086884  0.475312978029251  -0.0290510226041079  -0.0369881317019463  -0.0733518525958061
0.875978887081146  0.474447816610336  -0.0290009845048189  -0.037014551460743  -0.0731378942728043
0.875600814819336  0.475137621164322  -0.0290443915873766  -0.0370261259377003  -0.0731634199619293
0.876459836959839  0.473549753427505  -0.0290743727236986  -0.0369709394872189  -0.0731892511248589
0.876124560832977  0.474168837070465  -0.0288736633956432  -0.0372931398451328  -0.0731093809008598
0.87678200006485  0.473184287548065  -0.0289657525718212  -0.0367554947733879  -0.0718327537178993
0.876034021377563  0.474350720643997  -0.0290620531886816  -0.0369908586144447  -0.0730949491262436
0.876328706741333  0.473843961954117  -0.0289762392640114  -0.0368621125817299  -0.0729468613862991
0.876143932342529  0.474151194095612  -0.0290308557450771  -0.0369405969977379  -0.0731101855635643
0.876613616943359  0.473317056894302  -0.0289718490093946  -0.0368445552885532  -0.0729566663503647
0.876148700714111  0.474162459373474  -0.0289880912750959  -0.036943294107914  -0.0729953646659851
0.876345872879028  0.473798632621765  -0.0289427991956472  -0.0368605069816113  -0.0730497390031815
0.874263107776642  0.477575957775116  -0.0290543045848608  -0.0370711944997311  -0.0732594951987267
0.876823842525482  0.472905725240707  -0.0288671534508467  -0.0368573777377605  -0.0731329917907715
0.876201570034027  0.474040776491165  -0.0290104188024998  -0.0370748452842236  -0.0730757936835289
0.876124560832977  0.474168837070465  -0.0288736633956432  -0.0372931398451328  -0.0731093809008598
0.876353621482849  0.473849385976791  -0.0289742480963469  -0.0374340787529945  -0.0723212063312531
0.876222491264343  0.473993837833405  -0.0290275849401951  -0.0368734411895275  -0.0732230991125107
0.875817596912384  0.474758237600327  -0.0289491787552834  -0.0370970107614994  -0.0730333775281906
0.875798583030701  0.474811971187592  -0.0289293918758631  -0.0368835814297199  -0.0730271562933922
0.876238465309143  0.473968803882599  -0.0290849190205336  -0.036952581256628  -0.0731320604681969
0.876325905323029  0.473779529333115  -0.0289639104157686  -0.0369112230837345  -0.07338035851717
0.875777423381805  0.474811553955078  -0.0290428325533867  -0.0369262173771858  -0.0732172355055809
0.876353323459625  0.473784238100052  -0.0290193017572165  -0.036929052323103  -0.0729896128177643
0.876084446907043  0.474248945713043  -0.0289851222187281  -0.0370108745992184  -0.0731722488999367
0.875496804714203  0.475330084562302  -0.0290334485471249  -0.0369760133326054  -0.0731885507702827
0.875931859016418  0.474577844142914  -0.0289481952786446  -0.036878515034914  -0.0729466676712036
0.876928329467773  0.472761064767838  -0.0287976935505867  -0.0368247888982296  -0.0728584602475166
0.876293420791626  0.473871648311615  -0.0290634036064148  -0.0368903167545795  -0.0731430053710938
0.876172304153442  0.47410187125206  -0.0290037915110588  -0.0369881764054298  -0.0730760544538498
0.876070439815521  0.474313944578171  -0.0289516802877188  -0.0368782952427864  -0.0729970186948776
0.876456558704376  0.473548322916031  -0.0289489682763815  -0.0369304716587067  -0.0733082145452499
0.876238465309143  0.473968803882599  -0.0290849190205336  -0.036952581256628  -0.0731320604681969
0.875902235507965  0.474597036838531  -0.0287130232900381  -0.036952942609787  -0.0732313171029091
0.876272976398468  0.473910748958588  -0.0290057901293039  -0.0369495116174221  -0.0731263160705566
0.876572072505951  0.473412156105042  -0.0289198141545057  -0.0368151590228081  -0.0728740245103836
0.876391351222992  0.473710626363754  -0.0289777610450983  -0.0369979329407215  -0.0729918479919434
0.876443862915039  0.473656296730042  -0.0289070643484592  -0.0365457348525524  -0.0729701519012451
0.875974893569946  0.474451303482056  -0.0290342085063457  -0.0370503515005112  -0.0731313526630402
0.876298308372498  0.473902255296707  -0.0288484450429678  -0.0366390123963356  -0.0730982273817062
0.876338481903076  0.473778337240219  -0.0289689749479294  -0.0370143838226795  -0.0731823667883873
0.876001596450806  0.474380642175674  -0.0288786087185144  -0.0373269468545914  -0.0731906890869141
0.874189913272858  0.477809220552444  -0.0288875717669725  -0.0368247665464878  -0.0728001147508621
0.876155972480774  0.474156051874161  -0.0289859957993031  -0.0369053818285465  -0.0729695037007332
0.876461088657379  0.473583251237869  -0.0290489066392183  -0.0368616171181202  -0.0730224624276161
0.87635999917984  0.473783433437347  -0.0287984348833561  -0.0368964336812496  -0.0730191245675087
0.875407159328461  0.475480407476425  -0.0290456805378199  -0.0370685011148453  -0.0732331573963165
0.876148700714111  0.474162459373474  -0.0289880912750959  -0.036943294107914  -0.0729953646659851
0.876403987407684  0.473719358444214  -0.028883395716548  -0.0368761159479618  -0.0728821754455566
0.877946674823761  0.470891237258911  -0.029018085449934  -0.0367957688868046  -0.0726299583911896
0.876833975315094  0.472899913787842  -0.0289573017507792  -0.0366764552891254  -0.0731029137969017
0.87626850605011  0.473958909511566  -0.0289792250841856  -0.0370003879070282  -0.0728524178266525
0.876749634742737  0.473089277744293  -0.0289028286933899  -0.0368356481194496  -0.0728316828608513
0.876481056213379  0.473673224449158  -0.0289241168648005  -0.0368075892329216  -0.0722732469439507
0.876389801502228  0.473691403865814  -0.0289731454104185  -0.0369088836014271  -0.0731824189424515
0.876433312892914  0.473681598901749  -0.0289583448320627  -0.0363060794770718  -0.0730311870574951
0.876200616359711  0.474067211151123  -0.0289977360516787  -0.036952581256628  -0.0729806795716286
0.877931237220764  0.470806747674942  -0.0290747843682766  -0.0369721949100494  -0.0732490420341492
0.876076757907867  0.474278062582016  -0.028994008898735  -0.0368463471531868  -0.0731542482972145
0.876481711864471  0.473531186580658  -0.0289725549519062  -0.0368251986801624  -0.0731605216860771
0.876413762569427  0.473764687776566  -0.0289276763796806  -0.0368747599422932  -0.0724524930119514
0.876266121864319  0.473972290754318  -0.0289930552244186  -0.0368036739528179  -0.0728903189301491
0.876424312591553  0.473665744066238  -0.0289074070751667  -0.0368914492428303  -0.0729687362909317
0.87544459104538  0.475473672151566  -0.0289368350058794  -0.0369210615754128  -0.0729464143514633
0.876471698284149  0.473544776439667  -0.02897759526968  -0.036969069391489  -0.0731180384755135
0.875829935073853  0.474727839231491  -0.0287627801299095  -0.0370078347623348  -0.0732029527425766
0.876448810100555  0.473576366901398  -0.0289772134274244  -0.0369654782116413  -0.0731900259852409
0.876918792724609  0.472766876220703  -0.0288872886449099  -0.0368544943630695  -0.0728840306401253
0.876223802566528  0.473995476961136  -0.0289614871144295  -0.0369718447327614  -0.0731734037399292
0.875603914260864  0.475176513195038  -0.0289465133100748  -0.0368321314454079  -0.0730105265974998
0.876172304153442  0.47410187125206  -0.0290037915110588  -0.0369881764054298  -0.0730760544538498
0.876184344291687  0.474083483219147  -0.0290015712380409  -0.0368781909346581  -0.0731088370084763
0.876380562782288  0.473700523376465  -0.028951121494174  -0.0369407497346401  -0.0732266753911972
0.875228106975555  0.47580960392952  -0.0290676839649677  -0.0370209291577339  -0.073249064385891
0.875549852848053  0.475260406732559  -0.0289917718619108  -0.0368565134704113  -0.0730830058455467
0.875433743000031  0.475442916154861  -0.029038367792964  -0.0370334088802338  -0.0731785148382187
0.875434041023254  0.47546198964119  -0.0289549008011818  -0.0370197519659996  -0.0730912834405899
0.874838948249817  0.476501286029816  -0.0290925428271294  -0.0370563082396984  -0.0733730047941208
0.874575197696686  0.477086871862411  -0.0287898164242506  -0.0369448214769363  -0.0728871822357178
0.873842656612396  0.47824028134346  -0.0292713772505522  -0.0371730998158455  -0.0738015696406364
0.876194000244141  0.47402486205101  -0.0289210714399815  -0.0369773805141449  -0.0733533948659897
0.876428723335266  0.473650068044662  -0.0289463810622692  -0.0370463579893112  -0.0729234740138054
0.875813901424408  0.474795073270798  -0.0287915635854006  -0.0369717665016651  -0.0729642733931541
0.87622994184494  0.474024564027786  -0.029014490544796  -0.0368640758097172  -0.0729447677731514
0.875861823558807  0.474705964326859  -0.0289466474205256  -0.0369047522544861  -0.0729424580931664
0.876304030418396  0.473841279745102  -0.0290175415575504  -0.0368890464305878  -0.0732319951057434
0.87535834312439  0.475594162940979  -0.0289978589862585  -0.0369823314249516  -0.0731401219964027
0.876311480998993  0.473919123411179  -0.0289933159947395  -0.0369420759379864  -0.0726188644766808
0.875693500041962  0.47497633099556  -0.0290658101439476  -0.0370361320674419  -0.073089100420475
0.876257717609406  0.473947286605835  -0.0289927441626787  -0.0370217710733414  -0.0730417519807816
0.876588106155396  0.473331719636917  -0.0290477052330971  -0.036982424557209  -0.0730679035186768
0.874695420265198  0.476868122816086  -0.0289109852164984  -0.0368261598050594  -0.0728873983025551
0.875699043273926  0.474931508302689  -0.0294735990464687  -0.0369837582111359  -0.0731757655739784
0.876478374004364  0.473538786172867  -0.0288067534565926  -0.0371902287006378  -0.073031947016716
0.875121653079987  0.476000338792801  -0.0290543790906668  -0.0370078384876251  -0.0732947885990143
0.876467108726501  0.473565667867661  -0.0289864968508482  -0.0370202995836735  -0.0730082467198372
0.876650393009186  0.473246723413467  -0.0289350766688585  -0.0368292964994907  -0.0729937627911568
0.876392841339111  0.473721772432327  -0.0289723686873913  -0.0368796065449715  -0.0729638859629631
0.876041352748871  0.47433802485466  -0.0288759898394346  -0.0370305739343166  -0.0731416642665863
0.875661730766296  0.47502738237381  -0.0290358327329159  -0.0369792729616165  -0.073177382349968
0.878165364265442  0.470359891653061  -0.029092863202095  -0.037060059607029  -0.0732609704136848
0.874254703521729  0.477508008480072  -0.0291714761406183  -0.037273183465004  -0.0736505165696144
0.876249611377716  0.473961532115936  -0.0290140639990568  -0.0368626192212105  -0.0731203928589821
0.876159846782684  0.474147707223892  -0.0289628636091948  -0.0369377583265305  -0.0729690864682198
0.876355350017548  0.473769336938858  -0.0289897676557302  -0.0370014533400536  -0.0730366781353951
0.875472486019135  0.475352823734283  -0.029051635414362  -0.0371011830866337  -0.0732600390911102
0.876016080379486  0.474478721618652  -0.02896180562675  -0.0368355959653854  -0.0725942999124527
0.875024735927582  0.476204544305801  -0.0290013961493969  -0.0369451381266117  -0.0731774494051933
0.874375343322754  0.477383315563202  -0.0287678670138121  -0.0371166542172432  -0.073264516890049
0.876287400722504  0.473960131406784  -0.0289782583713531  -0.0367701016366482  -0.0727347806096077
0.871611475944519  0.482231110334396  -0.0293120201677084  -0.0374127887189388  -0.0740794166922569
0.87596070766449  0.474488437175751  -0.0289555545896292  -0.0369407571852207  -0.0731464102864265
0.876520097255707  0.473485171794891  -0.028976809233427  -0.0368224568665028  -0.0729990676045418
0.874706089496613  0.476711302995682  -0.0291723553091288  -0.0371324829757214  -0.0735237076878548
0.875983715057373  0.474456965923309  -0.0289803259074688  -0.036956675350666  -0.0730577111244202
0.87428092956543  0.477467060089111  -0.0292606893926859  -0.0372178256511688  -0.0735980421304703
0.872946739196777  0.480084300041199  -0.0288819875568151  -0.0367888659238815  -0.0727704912424088
0.876305103302002  0.473872482776642  -0.0289825219660997  -0.0368058197200298  -0.0730726271867752
0.876127660274506  0.474177658557892  -0.029007326811552  -0.0370449833571911  -0.0730903297662735
0.876189112663269  0.474089652299881  -0.0289543811231852  -0.036898247897625  -0.0730198547244072
0.874727368354797  0.476666539907455  -0.0293034259229898  -0.0371422432363033  -0.0735033974051476
0.876242697238922  0.473976582288742  -0.0289580412209034  -0.0369750969111919  -0.0730694755911827
0.876244843006134  0.473984241485596  -0.0290077049285173  -0.036836925894022  -0.0730443745851517
0.875986337661743  0.474443793296814  -0.0290181431919336  -0.0370118468999863  -0.0730694159865379
0.876236379146576  0.473984807729721  -0.0289980284869671  -0.0370009168982506  -0.0730633586645126
0.876345872879028  0.473793506622314  -0.0290080904960632  -0.0368692390620708  -0.0730542838573456
0.87617826461792  0.474083960056305  -0.0290234591811895  -0.0368986986577511  -0.0731586888432503
0.876315593719482  0.473844707012177  -0.0289783235639334  -0.036513227969408  -0.0732747167348862
0.876110255718231  0.474207043647766  -0.0289804637432098  -0.0369197614490986  -0.0731808915734291
0.87568062543869  0.47503662109375  -0.0290247928351164  -0.036689504981041  -0.0730420798063278
0.875827252864838  0.474770843982697  -0.0286230333149433  -0.0368137322366238  -0.0731078684329987
0.876561939716339  0.473411470651627  -0.0288976524025202  -0.0369040369987488  -0.0729640051722527
0.876624286174774  0.473303496837616  -0.0288878921419382  -0.0368155352771282  -0.0729629844427109
0.876489400863647  0.473566859960556  -0.0289535690099001  -0.0366320908069611  -0.0729422196745872
0.87644898891449  0.473638504743576  -0.0289361644536257  -0.0366345383226871  -0.0729684233665466
0.878294110298157  0.470285505056381  -0.028803301975131  -0.0365468077361584  -0.0725660175085068
0.876567125320435  0.473419010639191  -0.0289776958525181  -0.0366256460547447  -0.0729615986347198
0.876393616199493  0.473722904920578  -0.0288949627429247  -0.0368148311972618  -0.0730102062225342
0.875933408737183  0.474534749984741  -0.0290254987776279  -0.0368591733276844  -0.0731871277093887
0.876133799552917  0.474152863025665  -0.029024749994278  -0.0368122570216656  -0.07328812032938
0.873778164386749  0.478442937135696  -0.0291015226393938  -0.0370261445641518  -0.0733911469578743
0.875945091247559  0.474481612443924  -0.0290778335183859  -0.0370197035372257  -0.0732891857624054
0.876339435577393  0.473783284425735  -0.0292462911456823  -0.0369297601282597  -0.073071762919426
0.876033782958984  0.474374353885651  -0.0289821904152632  -0.0368922911584377  -0.0730267316102982
0.876492977142334  0.473514348268509  -0.0290336515754461  -0.0369644798338413  -0.0730393528938293
0.876297056674957  0.47387284040451  -0.0289049427956343  -0.0369799397885799  -0.0731110647320747
0.874102652072906  0.477993786334991  -0.0288263075053692  -0.0367423556745052  -0.0727013945579529
0.87466686964035  0.47676545381546  -0.0291449110955  -0.0369689017534256  -0.0737324059009552
0.87485808134079  0.476425558328629  -0.0292492602020502  -0.0371407195925713  -0.0735334455966949
0.876457750797272  0.473669320344925  -0.0288296807557344  -0.0367235727608204  -0.0726597383618355
0.880179226398468  0.46686840057373  -0.0285552404820919  -0.0363374426960945  -0.0719899535179138
0.875823855400085  0.474715352058411  -0.0290388483554125  -0.0369673296809196  -0.0732669979333878
0.87622457742691  0.47400575876236  -0.0290310848504305  -0.0369967557489872  -0.0730581060051918
0.876287400722504  0.473960131406784  -0.0289782583713531  -0.0367701016366482  -0.0727347806096077
0.876497805118561  0.473656684160233  -0.0289790909737349  -0.0368376336991787  -0.0721403956413269
0.875530064105988  0.475306451320648  -0.0289443656802177  -0.036833506077528  -0.0730515196919441
0.874805688858032  0.476534813642502  -0.0291540920734406  -0.0371976755559444  -0.0734572038054466
0.876303374767303  0.473977476358414  -0.029042286798358  -0.0369571670889854  -0.0723080337047577
0.875933408737183  0.474534749984741  -0.0290254987776279  -0.0368591733276844  -0.0731871277093887
0.875028014183044  0.476231426000595  -0.0285891778767109  -0.0369872264564037  -0.0731052458286285
0.876116156578064  0.474186688661575  -0.028998140245676  -0.0370854623615742  -0.0731531381607056
0.876276731491089  0.473924845457077  -0.029007513076067  -0.0368812195956707  -0.0730244070291519
0.876221716403961  0.47402012348175  -0.0290142185986042  -0.0368637330830097  -0.0730716660618782
0.877004146575928  0.472613573074341  -0.0288971532136202  -0.036894328892231  -0.0728286355733871
0.874873518943787  0.476434469223022  -0.0291513837873936  -0.0371259450912476  -0.0733368024230003
0.876085817813873  0.474257916212082  -0.0290045328438282  -0.0369627065956593  -0.0731139481067657
0.876624763011932  0.473298221826553  -0.0288956183940172  -0.0370155163109303  -0.072887696325779
0.875028908252716  0.476209193468094  -0.0290079936385155  -0.0368584357202053  -0.0731392428278923
0.876726031303406  0.472968190908432  -0.0289474446326494  -0.037012867629528  -0.0737876817584038
0.876961767673492  0.472703546285629  -0.0286163650453091  -0.036746121942997  -0.072939932346344
0.875889003276825  0.474600911140442  -0.0290314760059118  -0.0369980596005917  -0.0732170939445496
0.874566555023193  0.477087259292603  -0.0289213303476572  -0.0368792377412319  -0.0729694366455078
0.87651538848877  0.473467320203781  -0.0289883017539978  -0.0370069965720177  -0.073073573410511
0.876577734947205  0.473375052213669  -0.0291017182171345  -0.0368958786129951  -0.0729329511523247
0.876221597194672  0.474033057689667  -0.0287873912602663  -0.0371885448694229  -0.0729155093431473
0.877608060836792  0.471536934375763  -0.0287408754229546  -0.036590363830328  -0.0727476701140404
0.872973680496216  0.479738801717758  -0.0293648950755596  -0.0372374691069126  -0.0742887631058693
0.876225650310516  0.473962932825089  -0.028980415314436  -0.0369517169892788  -0.0733653381466866
0.876281201839447  0.473913758993149  -0.0289884898811579  -0.0368264317512512  -0.0730783939361572
0.876365423202515  0.473740816116333  -0.0290608983486891  -0.0369601584970951  -0.0730931386351585
0.876329779624939  0.473834961652756  -0.028978493064642  -0.0369991660118103  -0.0729220286011696
0.876380562782288  0.473700523376465  -0.028951121494174  -0.0369407497346401  -0.0732266753911972
0.876281321048737  0.473791748285294  -0.0289760064333677  -0.0369977355003357  -0.0737831145524979
0.876105546951294  0.474190950393677  -0.0293929744511843  -0.0370108187198639  -0.0731322020292282
0.877875328063965  0.471058160066605  -0.0288103017956018  -0.0366521701216698  -0.0725649818778038
0.880337297916412  0.466586738824844  -0.0285246036946774  -0.036256019026041  -0.0719373151659966
0.87639445066452  0.473765552043915  -0.0290217697620392  -0.0368643030524254  -0.072647899389267
0.876567125320435  0.473419010639191  -0.0289776958525181  -0.0366256460547447  -0.0729615986347198
0.876299619674683  0.474004954099655  -0.02902209199965  -0.0369467251002789  -0.0721860378980637
0.876155972480774  0.474156051874161  -0.0289859957993031  -0.0369053818285465  -0.0729695037007332
0.876270055770874  0.473924249410629  -0.0290174148976803  -0.0369211547076702  -0.0730844885110855
0.880380630493164  0.466509401798248  -0.0284655280411243  -0.0363235548138618  -0.0718977302312851
0.874754130840302  0.476633876562119  -0.0291681364178658  -0.0370993614196777  -0.0734729766845703
0.876002430915833  0.47447082400322  -0.0290022362023592  -0.0370173007249832  -0.072702445089817
0.876291871070862  0.473876953125  -0.0289270579814911  -0.0369542352855206  -0.0731492042541504
0.876565098762512  0.473383545875549  -0.0289175286889076  -0.0368277989327908  -0.0731376707553864
0.875719487667084  0.4749835729599  -0.0290628373622894  -0.0370943732559681  -0.0727010667324066
0.876030325889587  0.474376648664474  -0.0289779249578714  -0.0369622074067593  -0.0730188935995102
0.87583339214325  0.474693983793259  -0.029005279764533  -0.0370450057089329  -0.0732658430933952
0.875460267066956  0.475404411554337  -0.029053583741188  -0.0369886457920074  -0.0731281116604805
0.878965318202972  0.468868434429169  -0.0291510187089443  -0.0369965806603432  -0.0732380747795105
0.876107931137085  0.474222451448441  -0.0290122255682945  -0.0368486456573009  -0.0731328651309013
0.876326739788055  0.473816275596619  -0.028977507725358  -0.0369996540248394  -0.0730809196829796
0.87644898891449  0.473638504743576  -0.0289361644536257  -0.0366345383226871  -0.0729684233665466
0.87940376996994  0.468371748924255  -0.0285953730344772  -0.0364786572754383  -0.0716146975755692
0.875778019428253  0.474837869405746  -0.0289973635226488  -0.0366700775921345  -0.0731873586773872
0.879079163074493  0.468828171491623  -0.0286792777478695  -0.0364602878689766  -0.0725815296173096
0.876053988933563  0.47432804107666  -0.0287378467619419  -0.0370176061987877  -0.0731169432401657
0.876918792724609  0.472766876220703  -0.0288872886449099  -0.0368544943630695  -0.0728840306401253
0.87518984079361  0.475872129201889  -0.0289624687284231  -0.0376325063407421  -0.073030449450016
0.877724051475525  0.471276372671127  -0.0288929156959057  -0.0368484072387218  -0.0728452429175377
0.877596139907837  0.47153052687645  -0.0292074400931597  -0.036589864641428  -0.072746679186821
0.87547379732132  0.475385665893555  -0.0290403869003057  -0.0370326191186905  -0.0730715170502663
0.875970184803009  0.4744932949543  -0.0289844144135714  -0.036884568631649  -0.0730184614658356
0.876327753067017  0.47368198633194  -0.0290055517107248  -0.0370431840419769  -0.0739013850688934
0.875395774841309  0.4754998087883  -0.0288002770394087  -0.0371327884495258  -0.0733066499233246
0.876136243343353  0.474195241928101  -0.0290006827563047  -0.0368979498744011  -0.0729497894644737
0.876557767391205  0.473432093858719  -0.0288030002266169  -0.0368753112852573  -0.0729328319430351
0.87618762254715  0.474086582660675  -0.0287295673042536  -0.0369077995419502  -0.0731407105922699
0.879589974880219  0.467670828104019  -0.0291171744465828  -0.0369477011263371  -0.0734349340200424
0.874701738357544  0.476718574762344  -0.0291646141558886  -0.0371713489294052  -0.0735120102763176
0.87680184841156  0.472908645868301  -0.0290471184998751  -0.0371136888861656  -0.0731765851378441
0.876179456710815  0.474100887775421  -0.0289319846779108  -0.0369505546987057  -0.0730445235967636
0.87626314163208  0.473920911550522  -0.0290486607700586  -0.0368662029504776  -0.0732043609023094
0.875435352325439  0.475489884614944  -0.0289605110883713  -0.0369108617305756  -0.0729469582438469
0.876305103302002  0.473872482776642  -0.0289825219660997  -0.0368058197200298  -0.0730726271867752
0.876088321208954  0.474318414926529  -0.0289965886622667  -0.0367920510470867  -0.0727802515029907
0.876286745071411  0.474051356315613  -0.0290558915585279  -0.0369611531496048  -0.0720166265964508
0.877173244953156  0.472249954938889  -0.0290265902876854  -0.0369282774627209  -0.0730807930231094
0.875751316547394  0.474881201982498  -0.0287293735891581  -0.0370522290468216  -0.0731375440955162
0.876472353935242  0.473533004522324  -0.0291193686425686  -0.0369715690612793  -0.0731289386749268
0.87472403049469  0.476828396320343  -0.0289006717503071  -0.0368019752204418  -0.0728215947747231
0.874305427074432  0.477524399757385  -0.0290715582668781  -0.0370395667850971  -0.0730973035097122
0.875487446784973  0.475391417741776  -0.0289332624524832  -0.0369925312697887  -0.0729318931698799
0.874626994132996  0.47700423002243  -0.0289063975214958  -0.0366225391626358  -0.0729218944907188
0.875544309616089  0.475216746330261  -0.0290487706661224  -0.0370214283466339  -0.0733263269066811
0.876219034194946  0.474084109067917  -0.0290259122848511  -0.0369146801531315  -0.0726577118039131
0.876280248165131  0.47391352057457  -0.0289681442081928  -0.0369213409721851  -0.0730519220232964
0.876552104949951  0.473416328430176  -0.0290577337145805  -0.036892794072628  -0.0729930549860001
0.874024927616119  0.477928698062897  -0.029223769903183  -0.037242341786623  -0.0736442729830742
0.87472403049469  0.476828396320343  -0.0289006717503071  -0.0368019752204418  -0.0728215947747231
0.874665200710297  0.476916342973709  -0.0289417821913958  -0.036841981112957  -0.0729150548577309
0.873853087425232  0.478360682725906  -0.0289706271141768  -0.0369667336344719  -0.0731161236763
0.874536693096161  0.477012187242508  -0.0291380379348993  -0.0371983237564564  -0.0735673457384109
0.875194787979126  0.475844740867615  -0.0291460361331701  -0.0371240526437759  -0.0733364149928093
0.875862419605255  0.474695235490799  -0.0289696659892797  -0.0368639566004276  -0.0730143636465073
0.87695586681366  0.472900182008743  -0.0288465544581413  -0.0365981832146645  -0.0717091113328934
0.875820279121399  0.474718630313873  -0.0288854781538248  -0.0373235084116459  -0.0731695517897606
0.876126229763031  0.474245727062225  -0.0288939010351896  -0.0368439182639122  -0.0728114023804665
0.876445055007935  0.473630964756012  -0.0289516858756542  -0.0368007011711597  -0.0729735419154167
0.87653774023056  0.473456382751465  -0.0289050955325365  -0.0368647389113903  -0.0729803144931793
0.875554859638214  0.4751997590065  -0.029010271653533  -0.037069670855999  -0.0733009278774261
0.875540316104889  0.475223064422607  -0.0290125627070665  -0.0370628833770752  -0.0733271613717079
0.876115918159485  0.474203050136566  -0.0288987513631582  -0.0369528606534004  -0.0731547102332115
0.875188827514648  0.475920677185059  -0.0290033966302872  -0.0369595289230347  -0.0730535760521889
0.873880624771118  0.478311061859131  -0.0290068909525871  -0.0369272269308567  -0.0731182545423508
0.876619160175323  0.473186314105988  -0.0289050787687302  -0.0368179604411125  -0.0737727582454681
0.873880624771118  0.478311061859131  -0.0290068909525871  -0.0369272269308567  -0.0731182545423508
0.876621544361115  0.473260432481766  -0.0290481932461262  -0.0370179787278175  -0.0731099396944046
0.875932157039642  0.474699974060059  -0.0290011707693338  -0.0368952564895153  -0.0721137151122093
0.876423716545105  0.473645359277725  -0.0290416181087494  -0.0367734357714653  -0.0731149017810822
0.876478016376495  0.473536133766174  -0.0289757624268532  -0.0369594320654869  -0.073104165494442
0.875700771808624  0.474956959486008  -0.0289927795529366  -0.0369863584637642  -0.0731805190443993
0.878465712070465  0.469777494668961  -0.0290774032473564  -0.0370935574173927  -0.0733862370252609
0.876210808753967  0.474049955606461  -0.0287456475198269  -0.0369169786572456  -0.0730909928679466
0.875441670417786  0.475416570901871  -0.0290620420128107  -0.0370216444134712  -0.0732509717345238
0.875787556171417  0.474828094244003  -0.0289859287440777  -0.0369035340845585  -0.0730236545205116
0.876188337802887  0.474068254232407  -0.028983112424612  -0.0369266830384731  -0.0731408223509789
0.875335454940796  0.475668042898178  -0.0289547964930534  -0.0368734151124954  -0.0730047821998596
0.876319527626038  0.473857253789902  -0.0289109535515308  -0.0369109958410263  -0.0729743242263794
0.87621283531189  0.47408139705658  -0.0288803465664387  -0.0368021056056023  -0.072865404188633
0.876271069049835  0.473886787891388  -0.0290085151791573  -0.0370052009820938  -0.0732764229178429
0.87651538848877  0.473467320203781  -0.0289883017539978  -0.0370069965720177  -0.073073573410511
0.87626188993454  0.473931580781937  -0.0290420204401016  -0.0369026586413383  -0.0731349512934685
0.87651538848877  0.473467320203781  -0.0289883017539978  -0.0370069965720177  -0.073073573410511
0.875124216079712  0.475999414920807  -0.0291384812444448  -0.0370069779455662  -0.0732357427477837
0.87617963552475  0.47412320971489  -0.028996929526329  -0.0368547514081001  -0.0729189515113831
0.876548051834106  0.47342124581337  -0.0289832279086113  -0.0369726866483688  -0.0729984492063522
0.87600189447403  0.474443644285202  -0.0289256516844034  -0.0369127616286278  -0.0729700550436974
0.875697433948517  0.474970638751984  -0.0288774315267801  -0.0370276346802711  -0.0731572136282921
0.876068234443665  0.474327564239502  -0.0289283823221922  -0.0369197018444538  -0.0729239583015442
0.87653774023056  0.473456382751465  -0.0289050955325365  -0.0368647389113903  -0.0729803144931793
0.876219153404236  0.47400963306427  -0.0290039200335741  -0.0369145683944225  -0.0731489732861519
0.876519620418549  0.473480880260468  -0.0289566200226545  -0.03691441193223  -0.0729927942156792
0.87644898891449  0.473638504743576  -0.0289361644536257  -0.0366345383226871  -0.0729684233665466
0.874922215938568  0.476353764533997  -0.0291313230991364  -0.0370755232870579  -0.0733145326375961
0.874225914478302  0.477558881044388  -0.0291795190423727  -0.0373489484190941  -0.0736217498779297
0.875872194766998  0.474678307771683  -0.029017822816968  -0.037014152854681  -0.0729120969772339
0.875360250473022  0.475617229938507  -0.0290976986289024  -0.0370120853185654  -0.0729113593697548
0.875339329242706  0.475663214921951  -0.0289971549063921  -0.0368908755481243  -0.0729632750153542
0.87595409154892  0.474486589431763  -0.0290241092443466  -0.037028755992651  -0.0731672421097755
0.876291632652283  0.473882347345352  -0.0289562344551086  -0.0370113477110863  -0.0730766579508781
0.875823855400085  0.474715352058411  -0.0290388483554125  -0.0369673296809196  -0.0732669979333878
0.874294757843018  0.477440744638443  -0.0292102191597223  -0.0371881388127804  -0.0736384838819504
0.876010000705719  0.474377512931824  -0.0290171820670366  -0.0370016098022461  -0.0732207074761391
0.874357163906097  0.477464020252228  -0.0289476215839386  -0.0369671024382114  -0.072959303855896
0.876254677772522  0.473945289850235  -0.0288626533001661  -0.0368325114250183  -0.0732383355498314
0.875710010528564  0.475012868642807  -0.029036283493042  -0.0370505265891552  -0.0726560577750206
0.87653774023056  0.473456382751465  -0.0289050955325365  -0.0368647389113903  -0.0729803144931793
0.876525938510895  0.473496705293655  -0.0289271902292967  -0.0366439819335938  -0.0729628130793571
0.875910758972168  0.474566549062729  -0.0290245953947306  -0.0370154045522213  -0.0731736347079277
0.876359403133392  0.473777234554291  -0.0289570763707161  -0.0369570218026638  -0.0729721486568451
0.875640034675598  0.475051820278168  -0.0290778167545795  -0.0369846075773239  -0.0732581540942192
0.871864795684814  0.481926053762436  -0.0290152411907911  -0.0370896719396114  -0.0733597204089165
0.876372992992401  0.473715037107468  -0.0289726071059704  -0.0368537902832031  -0.0732569992542267
0.876355350017548  0.473769336938858  -0.0289897676557302  -0.0370014533400536  -0.0730366781353951
0.876288712024689  0.473856836557388  -0.029045008122921  -0.0367361418902874  -0.0733799114823341
0.876613140106201  0.473313689231873  -0.0289465747773647  -0.0369176603853703  -0.0729566961526871
0.876046419143677  0.474315255880356  -0.0290169958025217  -0.0369523912668228  -0.0732133835554123
0.877311110496521  0.472202211618423  -0.0290188454091549  -0.0369485430419445  -0.0717152878642082
0.87680321931839  0.472951829433441  -0.0291342828422785  -0.0369813144207001  -0.0729120150208473
0.876268208026886  0.473935782909393  -0.0290024615824223  -0.0369365550577641  -0.0730307027697563
0.876641750335693  0.473238110542297  -0.0290589332580566  -0.0369343534111977  -0.0730503499507904
0.876968204975128  0.472651213407516  -0.028953617438674  -0.0370996445417404  -0.072889007627964
0.875909149646759  0.474576979875565  -0.0290338769555092  -0.0369075760245323  -0.0731761381030083
0.875933408737183  0.474534749984741  -0.0290254987776279  -0.0368591733276844  -0.0731871277093887
